fileID = fopen('D:\DIplwmatikh\diplwmatikh\test_display_image\Database\all\DANA\features_contours_orientation.txt','r');
formatSpec = '%f %f';
A = fscanf(fileID,formatSpec)

A =

         0
    0.0437
    0.2057
    0.2057
         0
    0.1633
         0
    0.3190
         0
    0.4651
    0.3511
   -0.5377
    0.1966
   -0.4798
    0.0819
   -0.4969
   -0.2506
   -0.5036
   -0.2538
   -0.5124
   -0.4767
   -0.5077
   -0.6175
   -0.5235
   -0.7184
   -0.4188
   -0.7752
   -0.4570
    2.2042
   -0.5304
    2.2196
   -0.5198
    2.0749
   -0.4984
    2.2320
   -0.4242
    2.0753
   -0.4004
    2.0697
   -0.3779
    2.1825
   -0.3841
         0
   -0.3779
         0
   -0.3789
         0
   -0.4550
         0
   -0.4545
         0
   -0.4541
         0
   -0.4496
         0
   -0.4205
         0
   -0.4304
         0
   -0.4822
         0
   -0.4446
         0
   -0.4394
         0
   -0.4254
         0
   -0.4242
         0
   -0.4151
         0
   -0.4381
         0
   -0.4084
         0
   -0.4043
         0
   -0.4212
    1.8960
   -0.4397
    1.8157
   -0.4273
    1.6599
   -0.3865
    1.6420
   -0.4373
    1.7168
   -0.4589
    1.6157
   -0.4174
    1.5887
   -0.4509
    1.4574
   -0.4191
    1.4863
   -0.4228
    1.3990
   -0.4182
    1.4759
   -0.4288
    1.5166
   -0.4221
    1.4824
   -0.4079
    1.5252
   -0.3836
    1.4629
   -0.3671
    1.5165
   -0.3904
    1.5023
   -0.3320
    1.4894
   -0.3504
    1.5286
   -0.3844
    1.6001
   -0.4253
    1.4945
   -0.3703
    1.5455
   -0.3367
    1.5876
   -0.4551
    1.5786
   -0.4580
    1.5850
   -0.4728
    1.5643
   -0.4537
    1.6540
   -0.4406
    1.6015
   -0.4425
    1.6270
   -0.4447
    1.6206
   -0.4399
    1.6406
   -0.4242
    1.6205
   -0.3965
    1.6592
   -0.3764
    1.6561
   -0.3400
    1.6205
   -0.4618
    1.6878
   -0.3893
    1.8121
   -0.4216
    1.8710
   -0.3548
    1.8903
   -0.3621
    2.0508
   -0.3477
    2.1538
   -0.3847
    2.2719
   -0.3715
   -0.7351
   -0.3854
   -0.4666
   -0.4288
   -0.3182
   -0.4012
   -0.2021
   -0.3642
   -0.1002
   -0.4178
   -0.0743
   -0.4469
   -0.0780
   -0.4497
   -0.0919
   -0.4570
    0.1147
   -0.4431
    0.0982
   -0.4255
    0.1334
   -0.4473
         0
    0.6570
         0
    0.4475
         0
    0.2866
         0
    0.0002
         0
    0.0661
         0
    0.0624
         0
    0.0010
         0
    0.0554

diary on
fileID = fopen('D:\DIplwmatikh\diplwmatikh\test_display_image\Database\all\DANA\features_contours_orientation.txt','r');
formatSpec = '%f %f';
sizeA = [2 Inf];
A = fscanf(fileID,formatSpec,sizeA)

A =

  Columns 1 through 8

         0    0.2057         0         0         0    0.3511    0.1966    0.0819
    0.0437    0.2057    0.1633    0.3190    0.4651   -0.5377   -0.4798   -0.4969

  Columns 9 through 16

   -0.2506   -0.2538   -0.4767   -0.6175   -0.7184   -0.7752    2.2042    2.2196
   -0.5036   -0.5124   -0.5077   -0.5235   -0.4188   -0.4570   -0.5304   -0.5198

  Columns 17 through 24

    2.0749    2.2320    2.0753    2.0697    2.1825         0         0         0
   -0.4984   -0.4242   -0.4004   -0.3779   -0.3841   -0.3779   -0.3789   -0.4550

  Columns 25 through 32

         0         0         0         0         0         0         0         0
   -0.4545   -0.4541   -0.4496   -0.4205   -0.4304   -0.4822   -0.4446   -0.4394

  Columns 33 through 40

         0         0         0         0         0         0         0    1.8960
   -0.4254   -0.4242   -0.4151   -0.4381   -0.4084   -0.4043   -0.4212   -0.4397

  Columns 41 through 48

    1.8157    1.6599    1.6420    1.7168    1.6157    1.5887    1.4574    1.4863
   -0.4273   -0.3865   -0.4373   -0.4589   -0.4174   -0.4509   -0.4191   -0.4228

  Columns 49 through 56

    1.3990    1.4759    1.5166    1.4824    1.5252    1.4629    1.5165    1.5023
   -0.4182   -0.4288   -0.4221   -0.4079   -0.3836   -0.3671   -0.3904   -0.3320

  Columns 57 through 64

    1.4894    1.5286    1.6001    1.4945    1.5455    1.5876    1.5786    1.5850
   -0.3504   -0.3844   -0.4253   -0.3703   -0.3367   -0.4551   -0.4580   -0.4728

  Columns 65 through 72

    1.5643    1.6540    1.6015    1.6270    1.6206    1.6406    1.6205    1.6592
   -0.4537   -0.4406   -0.4425   -0.4447   -0.4399   -0.4242   -0.3965   -0.3764

  Columns 73 through 80

    1.6561    1.6205    1.6878    1.8121    1.8710    1.8903    2.0508    2.1538
   -0.3400   -0.4618   -0.3893   -0.4216   -0.3548   -0.3621   -0.3477   -0.3847

  Columns 81 through 88

    2.2719   -0.7351   -0.4666   -0.3182   -0.2021   -0.1002   -0.0743   -0.0780
   -0.3715   -0.3854   -0.4288   -0.4012   -0.3642   -0.4178   -0.4469   -0.4497

  Columns 89 through 96

   -0.0919    0.1147    0.0982    0.1334         0         0         0         0
   -0.4570   -0.4431   -0.4255   -0.4473    0.6570    0.4475    0.2866    0.0002

  Columns 97 through 100

         0         0         0         0
    0.0661    0.0624    0.0010    0.0554

fclose(fileID);
A=A'

A =

         0    0.0437
    0.2057    0.2057
         0    0.1633
         0    0.3190
         0    0.4651
    0.3511   -0.5377
    0.1966   -0.4798
    0.0819   -0.4969
   -0.2506   -0.5036
   -0.2538   -0.5124
   -0.4767   -0.5077
   -0.6175   -0.5235
   -0.7184   -0.4188
   -0.7752   -0.4570
    2.2042   -0.5304
    2.2196   -0.5198
    2.0749   -0.4984
    2.2320   -0.4242
    2.0753   -0.4004
    2.0697   -0.3779
    2.1825   -0.3841
         0   -0.3779
         0   -0.3789
         0   -0.4550
         0   -0.4545
         0   -0.4541
         0   -0.4496
         0   -0.4205
         0   -0.4304
         0   -0.4822
         0   -0.4446
         0   -0.4394
         0   -0.4254
         0   -0.4242
         0   -0.4151
         0   -0.4381
         0   -0.4084
         0   -0.4043
         0   -0.4212
    1.8960   -0.4397
    1.8157   -0.4273
    1.6599   -0.3865
    1.6420   -0.4373
    1.7168   -0.4589
    1.6157   -0.4174
    1.5887   -0.4509
    1.4574   -0.4191
    1.4863   -0.4228
    1.3990   -0.4182
    1.4759   -0.4288
    1.5166   -0.4221
    1.4824   -0.4079
    1.5252   -0.3836
    1.4629   -0.3671
    1.5165   -0.3904
    1.5023   -0.3320
    1.4894   -0.3504
    1.5286   -0.3844
    1.6001   -0.4253
    1.4945   -0.3703
    1.5455   -0.3367
    1.5876   -0.4551
    1.5786   -0.4580
    1.5850   -0.4728
    1.5643   -0.4537
    1.6540   -0.4406
    1.6015   -0.4425
    1.6270   -0.4447
    1.6206   -0.4399
    1.6406   -0.4242
    1.6205   -0.3965
    1.6592   -0.3764
    1.6561   -0.3400
    1.6205   -0.4618
    1.6878   -0.3893
    1.8121   -0.4216
    1.8710   -0.3548
    1.8903   -0.3621
    2.0508   -0.3477
    2.1538   -0.3847
    2.2719   -0.3715
   -0.7351   -0.3854
   -0.4666   -0.4288
   -0.3182   -0.4012
   -0.2021   -0.3642
   -0.1002   -0.4178
   -0.0743   -0.4469
   -0.0780   -0.4497
   -0.0919   -0.4570
    0.1147   -0.4431
    0.0982   -0.4255
    0.1334   -0.4473
         0    0.6570
         0    0.4475
         0    0.2866
         0    0.0002
         0    0.0661
         0    0.0624
         0    0.0010
         0    0.0554

diary off
test=[1 2 1];
diary off
test=[1 2 1];
diary off
