0.000000 0.000000 0.000000 0.000000
-0.058000 31.916000 0.187000 238.109000
-0.169000 32.219000 0.158000 230.380000
-0.057000 0.716000 0.034000 -15.698000
0.128000 1.335000 -0.168000 -15.890000
0.024000 1.870000 -0.262000 -14.973000
0.119000 2.167000 -0.743000 -13.970000
0.055000 2.081000 -0.445000 -12.557000
-108.899000 2.327000 201.020000 -11.149000
-108.607000 2.437000 194.878000 -9.975000
0.672000 1.664000 -11.395000 -9.435000
1.103000 1.081000 -11.035000 -9.087000
0.947000 1.363000 -11.230000 -8.339000
0.594000 1.379000 -10.211000 -8.398000
0.486000 0.571000 -9.919000 -8.390000
0.245000 0.276000 -10.422000 -8.196000
0.716000 -0.074000 -10.592000 -8.533000
0.621000 -0.377000 -10.700000 -8.585000
0.066000 0.143000 -11.145000 -8.956000
-0.002000 0.228000 -11.887000 -9.426000
-0.188000 -0.123000 -12.508000 -8.882000
-0.819000 -0.409000 -13.412000 -8.847000
-0.753000 -0.740000 -15.081000 -12.291000
0.270000 -2.951000 -18.926000 -18.884000
1.564000 -6.133000 -26.351000 -24.412000
-4.202000 0.182000 -29.888000 -28.389000
-9.826000 6.481000 -23.075000 -24.151000
-6.611000 3.884000 -14.119000 -15.151000
-4.254000 2.131000 -11.591000 -12.773000
-3.400000 2.131000 -12.197000 -10.807000
-2.523000 1.840000 -9.046000 -7.054000
-2.256000 0.958000 -4.428000 -4.521000
-1.679000 0.142000 -2.073000 -2.805000
-0.588000 -0.349000 -0.826000 -1.594000
0.195000 -1.362000 0.218000 -0.951000
0.381000 -2.272000 0.731000 -0.831000
0.763000 -2.150000 0.924000 -0.384000
1.375000 -1.931000 1.182000 0.368000
1.113000 -1.559000 1.466000 0.721000
0.713000 -1.091000 1.780000 0.818000
0.437000 -0.653000 1.753000 0.933000
0.118000 -0.347000 1.301000 0.702000
-0.188000 -0.035000 1.162000 0.376000
-0.586000 0.397000 1.023000 0.227000
-0.573000 0.384000 0.557000 -0.002000
-0.499000 0.392000 0.205000 -0.130000
-0.536000 0.528000 0.000000 -0.317000
-0.530000 0.226000 -0.002000 -0.574000
-0.332000 -0.016000 -0.105000 -0.525000
0.045000 -0.124000 -0.352000 -0.632000
0.180000 -0.210000 -0.250000 -0.449000
0.336000 -0.320000 -0.179000 -0.496000
0.491000 -0.250000 -0.167000 -0.578000
0.292000 -0.253000 0.011000 -0.157000
0.168000 -0.387000 0.204000 -0.161000
0.070000 -0.237000 0.310000 0.061000
-0.092000 0.014000 0.404000 0.245000
-0.113000 -0.006000 0.606000 0.726000
-0.157000 -0.177000 1.128000 1.118000
-0.357000 -0.049000 1.574000 1.245000
-0.355000 0.110000 1.875000 1.955000
-0.211000 0.059000 2.272000 2.175000
-0.172000 0.149000 2.737000 2.931000
-0.248000 0.008000 3.322000 3.611000
-0.131000 -0.111000 3.844000 3.726000
-0.060000 0.112000 4.443000 4.309000
-0.118000 0.118000 5.249000 5.149000
0.010000 -0.273000 5.833000 5.841000
-0.060000 -0.460000 6.235000 6.466000
0.077000 -0.906000 7.151000 7.370000
0.245000 -1.527000 8.339000 7.857000
0.338000 -1.401000 9.416000 8.860000
0.587000 -1.457000 10.247000 9.991000
0.699000 -1.814000 11.363000 10.689000
0.701000 -1.761000 12.573000 11.568000
0.916000 -1.802000 13.633000 12.814000
0.987000 -2.095000 14.650000 13.785000
0.837000 -2.111000 15.712000 14.805000
1.187000 -2.447000 16.791000 15.721000
1.475000 -1.280000 17.723000 16.754000
1.426000 -2.368000 19.157000 18.353000
1.309000 -3.578000 21.184000 19.553000
1.225000 -2.228000 22.647000 20.710000
1.454000 -2.110000 23.126000 21.710000
2.127000 -1.756000 22.344000 22.043000
2.178000 -1.370000 20.544000 20.908000
2.234000 -0.617000 18.360000 19.180000
2.305000 -0.311000 15.746000 16.092000
112.926000 -0.509000 -219.125000 13.514000
60.500000 -0.160000 26.533000 13.015000
-49.135000 -0.340000 255.333000 11.984000
51.515000 -21.850000 -252.698000 -233.020000
49.159000 -21.432000 -255.164000 -238.662000
0.000000 0.000000 0.000000 0.000000
0.000000 0.000000 0.000000 0.000000
0.000000 0.000000 0.000000 0.000000
0.000000 0.000000 0.000000 0.000000
0.000000 0.000000 0.000000 0.000000
0.000000 0.000000 0.000000 0.000000
0.000000 0.000000 0.000000 0.000000
