0.000000 0.000000 0.000000 0.000000
0.000000 -0.175000 0.000000 -1.075000
0.000000 -0.210000 0.000000 -1.568000
0.000000 -0.431000 0.000000 -2.267000
0.000000 -0.568000 0.000000 -3.429000
0.000000 -0.911000 0.000000 -5.140000
0.000000 -0.959000 0.000000 -7.122000
309.107000 25.258000 381.373000 -193.886000
0.000000 0.080000 0.000000 -11.051000
1.218000 1.000000 -12.460000 0.333000
278.547000 28.901000 353.596000 -5.833000
-36.917000 5.539000 -23.380000 165.925000
-10.417000 7.328000 -15.980000 -14.007000
-9.938000 7.675000 -15.391000 -14.067000
-9.164000 6.906000 -14.176000 -13.966000
-8.416000 6.140000 -12.323000 -13.446000
-7.680000 5.220000 -10.602000 -12.239000
-7.127000 4.276000 -8.905000 -11.113000
-6.050000 3.399000 -7.350000 -9.534000
-4.384000 3.163000 -5.500000 -7.801000
-3.238000 2.359000 -4.031000 -5.871000
-2.594000 1.595000 -3.214000 -4.470000
-1.611000 1.578000 -2.176000 -3.501000
-0.974000 1.335000 -1.887000 -3.194000
-0.813000 0.903000 -2.348000 -3.224000
-0.310000 1.127000 -2.992000 -3.326000
0.187000 1.437000 -3.619000 -3.461000
0.061000 2.050000 -4.872000 -3.820000
0.505000 2.649000 -6.619000 -5.167000
1.607000 3.016000 -7.630000 -6.634000
2.880000 3.512000 -8.272000 -7.605000
2.182000 0.373000 -9.411000 -8.457000
0.482000 -1.980000 -13.026000 -9.979000
-0.098000 1.105000 -15.550000 -14.058000
-0.771000 4.386000 -11.251000 -16.310000
-0.985000 3.048000 -4.801000 -10.216000
-0.629000 -0.168000 -1.630000 -4.396000
0.021000 -1.386000 -1.983000 -3.432000
1.102000 -1.855000 -2.295000 -2.028000
1.246000 -1.976000 -0.600000 -1.006000
0.701000 -1.921000 0.596000 -0.755000
0.671000 -1.389000 0.638000 0.200000
0.330000 -0.626000 1.110000 1.285000
-0.155000 -0.460000 1.827000 1.615000
-0.121000 -0.429000 1.903000 1.880000
0.093000 -0.603000 1.814000 1.476000
0.299000 -0.743000 2.091000 1.085000
0.564000 -0.937000 2.177000 1.152000
0.768000 -1.022000 2.140000 1.027000
1.094000 -1.211000 1.967000 0.655000
1.236000 -1.389000 1.829000 0.697000
1.235000 -1.147000 1.807000 0.926000
1.328000 -1.106000 1.673000 0.745000
1.208000 -1.201000 1.568000 0.804000
0.931000 -1.315000 1.575000 0.672000
0.897000 -1.134000 1.143000 0.807000
0.831000 -1.214000 0.388000 1.080000
0.744000 -1.245000 0.200000 1.055000
0.670000 -0.953000 0.500000 1.049000
0.453000 -0.957000 0.288000 0.923000
0.369000 -0.842000 -0.272000 0.959000
0.144000 -0.743000 -0.200000 0.837000
-0.036000 -0.555000 0.041000 0.673000
-0.113000 -0.241000 0.229000 0.562000
-0.190000 -0.280000 0.261000 0.725000
-0.085000 -0.214000 0.461000 0.881000
0.121000 -0.181000 0.724000 0.846000
0.141000 -0.147000 0.921000 1.028000
0.092000 -0.085000 1.305000 1.053000
0.412000 -0.149000 1.513000 1.203000
0.633000 -0.233000 1.837000 1.537000
0.736000 -0.320000 2.204000 1.836000
1.064000 -0.364000 2.349000 1.972000
1.244000 -0.490000 2.615000 2.517000
1.511000 -0.635000 3.079000 3.202000
1.760000 -0.653000 3.248000 3.788000
2.229000 -0.879000 3.356000 4.153000
2.392000 -1.132000 3.997000 4.706000
2.351000 -1.339000 4.315000 5.786000
2.465000 -1.590000 4.862000 6.529000
2.564000 -1.724000 5.304000 7.090000
2.855000 -1.852000 5.750000 7.605000
2.894000 -1.948000 6.379000 8.140000
3.040000 -1.804000 6.563000 8.418000
3.471000 -2.161000 6.730000 8.779000
3.686000 -2.957000 7.424000 9.626000
4.011000 -3.030000 7.776000 10.641000
5.360000 -3.193000 7.406000 11.571000
5.702000 -3.803000 8.874000 12.355000
5.621000 -4.438000 10.739000 13.122000
6.283000 -5.052000 11.959000 13.382000
5.453000 -4.981000 13.167000 12.644000
3.889000 -3.653000 13.213000 12.005000
3.229000 -2.440000 12.338000 11.567000
2.804000 -2.445000 11.138000 11.053000
2.480000 -2.184000 10.051000 10.522000
-290.065000 -23.695000 -352.394000 -1.267000
-291.323000 -22.010000 -357.191000 -1.640000
310.300000 24.944000 378.915000 -172.110000
0.000000 0.000000 0.000000 0.000000
