0.000000 0.000000 0.000000 0.000000
-0.700000 -0.700000 -2.250000 -2.250000
-0.633000 -0.633000 -3.641000 -3.641000
-0.983000 -0.983000 -5.479000 -5.479000
-2.756000 -2.756000 -7.663000 -7.663000
-3.481000 -3.481000 -11.010000 -11.010000
-2.106000 -2.106000 -15.608000 -15.608000
-0.964000 -0.964000 -18.267000 -18.267000
0.296000 0.296000 -18.583000 -18.583000
1.097000 1.097000 -18.724000 -18.724000
0.354000 0.354000 -18.397000 -18.397000
-54.880000 62.581000 -16.393000 -14.305000
-61.354000 72.827000 -13.012000 -8.228000
-13.973000 15.053000 -9.868000 -7.425000
-12.165000 10.340000 -8.709000 -7.323000
-8.861000 10.085000 -8.249000 -5.156000
-6.160000 7.997000 -7.300000 -5.001000
-4.295000 4.846000 -6.496000 -5.810000
-3.237000 2.991000 -5.628000 -5.829000
-2.021000 2.912000 -4.719000 -4.963000
-1.656000 2.735000 -3.574000 -3.989000
-1.313000 1.221000 -2.986000 -3.244000
-0.727000 -0.364000 -2.932000 -2.625000
0.037000 -0.318000 -2.691000 -1.868000
0.089000 -0.117000 -2.574000 -1.436000
-0.267000 -0.263000 -3.063000 -1.464000
-0.137000 0.381000 -3.133000 -1.396000
-0.028000 0.827000 -3.393000 -1.919000
-0.070000 0.253000 -4.142000 -2.903000
-0.084000 0.455000 -4.419000 -3.085000
0.205000 0.507000 -4.286000 -2.979000
0.936000 0.332000 -4.127000 -3.309000
1.369000 0.657000 -4.200000 -3.329000
0.621000 1.501000 -4.120000 -2.897000
-1.528000 3.921000 -4.655000 -1.729000
-2.757000 4.192000 -4.421000 -2.351000
-2.386000 1.593000 -2.717000 -4.097000
-4.198000 0.336000 -2.515000 -3.647000
49.854000 0.067000 -8.281000 -2.116000
141.651000 0.220000 235.543000 -0.587000
88.524000 0.151000 242.417000 -0.285000
0.083000 -0.157000 0.067000 -0.136000
-106.556000 -0.005000 -243.618000 0.335000
-141.211000 -0.207000 -235.694000 0.264000
-34.696000 0.052000 8.543000 0.506000
-0.336000 0.153000 0.986000 0.317000
-0.356000 0.109000 0.560000 -0.328000
-0.287000 0.050000 0.325000 -0.859000
-0.292000 0.010000 -0.008000 -0.921000
-0.163000 0.464000 -0.333000 -0.424000
0.104000 0.534000 -0.298000 -0.249000
0.163000 0.090000 -0.599000 -0.696000
-0.158000 0.086000 -0.549000 -0.605000
-0.281000 -0.167000 -0.330000 -0.444000
-0.068000 -0.463000 -0.687000 -0.608000
-0.221000 -0.012000 -0.460000 -0.085000
-0.108000 0.029000 -0.148000 0.079000
0.156000 -0.386000 -0.209000 -0.069000
-0.092000 -0.143000 -0.034000 0.096000
-0.280000 0.084000 0.288000 0.398000
-0.273000 -0.222000 0.517000 0.459000
-0.302000 -0.117000 0.522000 0.688000
0.131000 0.035000 0.628000 0.995000
0.580000 -0.347000 0.939000 0.825000
0.312000 -0.603000 1.510000 1.188000
0.212000 -0.509000 2.049000 1.603000
0.464000 -0.942000 2.453000 1.497000
0.592000 -1.056000 3.175000 2.323000
0.612000 -1.285000 4.107000 2.933000
0.706000 -2.160000 4.691000 3.157000
1.007000 -2.373000 5.538000 4.492000
1.128000 -2.730000 6.731000 5.754000
0.958000 -3.543000 7.776000 6.338000
0.291000 -4.082000 8.980000 7.141000
1.483000 -4.787000 9.367000 8.197000
3.361000 -5.414000 9.403000 9.161000
4.184000 -6.124000 9.689000 9.740000
5.466000 -6.960000 9.533000 10.170000
7.183000 -6.821000 9.724000 11.226000
7.749000 -7.628000 10.198000 11.157000
7.130000 -8.750000 10.462000 10.592000
6.684000 -7.287000 11.066000 11.439000
59.966000 -77.177000 14.813000 4.922000
57.721000 -73.223000 14.490000 4.247000
1.741000 1.741000 10.433000 10.433000
1.732000 1.732000 9.787000 9.787000
1.797000 1.797000 8.984000 8.984000
1.732000 1.732000 8.158000 8.158000
1.765000 1.765000 7.323000 7.323000
1.419000 1.419000 6.280000 6.280000
1.127000 1.127000 5.426000 5.426000
1.677000 1.677000 4.682000 4.682000
1.612000 1.612000 4.233000 4.233000
1.653000 1.653000 4.122000 4.122000
2.080000 2.080000 3.564000 3.564000
0.911000 0.911000 3.378000 3.378000
0.966000 0.966000 3.187000 3.187000
1.391000 1.391000 2.971000 2.971000
0.927000 0.927000 2.984000 2.984000
0.000000 0.000000 0.000000 0.000000
