0 -0.0246406 0 310.926 0 399.368 9.21954 9.21954 9.21954 8.48528
0 -0.0901155 0 310.76 0 398.885 9.21954 9.21954 8.48528 8.48528
0 8.76977e-05 0 310.751 0 398.293 9.21954 9.21954 9.21954 8.48528
0 0.0255764 0 310.55 0 397.317 9.21954 9.21954 9.21954 8.48528
0 0.0206274 0 310.32 0 396.026 9.21954 9.21954 9.21954 8.48528
0 0.00324125 0 309.982 0 393.888 9.21954 9.21954 9.21954 8.48528
0 0.220119 0 309.409 0 390.886 9.21954 9.21954 8.94427 8.06226
0 0.119697 0 309.023 0 386.766 9.21954 9.21954 9.43398 8.60233
0.261225 2.00883 309.107 334.667 381.373 197 8.94427 8.06226 9.21954 9.21954
0 0.236584 0 309.103 0 375.715 9.21954 9.21954 8.94427 8.60233
0.249925 1.69329 310.325 335.667 368.913 197.333 8.94427 8.60233 9.21954 9.21954
0.252828 -0.783925 278.547 338.004 353.596 369.882 9.84886 8.94427 9 9
0.0818045 2.30622 273.408 341.206 345.533 363.258 9.21954 8.48528 9.05539 9
0.0971653 2.34165 268.13 345.332 337.616 355.875 9.43398 8.48528 9 9
0.136747 -0.708321 263.47 348.881 330.142 349.191 9.43398 8.48528 8.06226 9
0.0708972 -0.110385 258.966 352.238 323.44 341.909 9.21954 8.48528 9.21954 8.48528
0.146893 0.750828 255.054 355.021 317.819 335.745 9.43398 8.48528 9.05539 9
0.110224 0.382508 251.286 357.458 312.838 329.67 8.94427 8.48528 9.84886 8.24621
0.111206 0.348418 247.927 359.297 308.914 324.632 9.43398 8.48528 9.84886 8.544
0.0691695 -0.00587772 245.236 360.857 305.488 320.136 9.21954 8.48528 9.21954 8.48528
0.164244 -0.134989 243.543 362.46 303.414 316.831 9.43398 8.48528 9.21954 8.06226
0.29658 -0.439333 241.998 363.216 301.457 314.265 9.84886 8.24621 8.94427 8.24621
0.241792 -0.286216 240.949 364.055 300.2 312.361 9.43398 8.48528 8.94427 8.06226
0.28808 -0.684069 240.387 364.794 299.281 310.764 9.84886 8.48528 8.06226 8.06226
0.301931 -0.688245 239.975 365.39 298.313 309.167 9.84886 8.48528 8.06226 9
0.365603 -0.284907 239.574 365.697 296.933 307.54 9.48683 8.24621 9.43398 8.06226
0.38383 -0.291652 239.665 366.517 295.321 305.841 9.48683 8.24621 9.43398 8.06226
0.464934 -0.340648 239.761 367.134 293.314 304.079 9.48683 8.24621 8.94427 8.06226
0.402493 -0.562776 239.726 368.567 290.449 302.021 9.48683 8.24621 8.544 8.24621
0.370531 -0.560076 240.266 369.783 286.695 298.912 9.48683 8.24621 8.544 8.06226
0.329899 -0.113467 241.333 371.583 282.819 295.387 9.48683 8.24621 9.21954 8.48528
0.337418 -0.112819 243.146 373.295 278.423 291.307 9.48683 8.48528 8.60233 8.48528
0.116922 0.0804203 243.515 371.956 273.408 286.93 8.94427 8.48528 9.21954 8.48528
0.209592 0.0583214 243.628 371.315 265.397 281.328 8.94427 8.94427 9.21954 8.48528
1.76845 0.655011 243.417 373.061 257.858 272.872 9.43398 9.43398 9.05539 8.06226
1.84758 1.29061 242.857 375.701 254.146 265.018 10.2956 8.544 9.43398 9.21954
1.78491 1.45308 242.432 376.109 253.057 262.656 9.43398 9.21954 10 9.21954
1.69399 1.38036 242.228 375.533 252.516 260.622 10 9.21954 10 9.21954
1.7471 1.41903 242.453 374.723 251.074 259.224 10 9.21954 9.43398 9.21954
1.78003 1.42529 243.33 373.678 250.221 258.594 9.43398 9.21954 10 9.21954
1.73523 1.47764 243.699 372.747 250.474 258.218 10 9.21954 10 9.21954
1.7839 1.51892 244.031 371.757 250.817 257.839 9.43398 8.544 9.89949 9.21954
1.76742 1.52759 244.37 371.358 251.112 258.418 9.43398 9.21954 9.89949 9.21954
1.81062 1.40383 244.361 371.131 251.927 259.124 9.43398 9.21954 10 9.21954
1.68697 1.5314 244.215 370.898 252.939 260.033 10 9.21954 9.89949 9.21954
1.71707 1.49247 244.24 370.702 253.83 261.004 10 9.21954 9.89949 9.21954
1.66945 1.54385 244.308 370.295 254.753 261.509 10 9.21954 9.89949 9.21954
1.64188 1.49146 244.539 369.959 255.921 262.089 10 9.21954 9.89949 9.21954
1.68346 1.38694 244.872 369.358 256.93 262.661 10 9.21954 10 9.21954
1.71404 1.52674 245.307 368.937 258.061 263.116 10 9.21954 9.89949 9.21954
1.73605 1.37899 245.966 368.147 258.897 263.316 10 9.21954 10 9.21954
1.67515 1.38419 246.543 367.548 259.89 263.813 10 9.21954 10 9.21954
1.66524 1.3269 247.201 367 260.704 264.242 10 9.21954 10 9.21954
1.70935 1.35383 247.871 366.442 261.563 264.558 10 9.21954 10 9.21954
1.63674 1.4696 248.409 365.799 262.272 265.046 10 9.21954 10 9.21954
1.69293 1.36773 248.802 365.127 263.138 265.23 10 9.21954 10 9.21954
1.64597 1.33466 249.306 364.665 263.415 265.853 10 9.21954 10 9.21954
1.64916 1.33162 249.633 363.913 263.526 266.31 10 9.21954 10 9.21954
1.71848 1.29798 250.05 363.42 263.615 266.908 9.21954 9.21954 9.84886 9.21954
1.74099 1.4271 250.303 362.96 264.026 267.359 9.43398 9.21954 10 9.21954
1.69948 1.38862 250.503 362.463 263.903 267.831 9.21954 9.21954 9.43398 9.21954
1.69391 1.40005 250.672 362.118 263.754 268.318 9.21954 9.21954 9.43398 9.21954
1.6779 1.25632 250.647 361.72 263.703 268.668 9.21954 9.21954 9.84886 9.21954
1.67511 1.31323 250.636 361.563 263.795 268.991 9.21954 9.21954 10.2956 9.21954
1.6801 1.28034 250.534 361.479 263.932 269.23 10 9.21954 10.2956 9.21954
1.67375 1.23542 250.446 361.283 264.056 269.716 9.21954 9.21954 10.2956 9.21954
1.62661 1.33228 250.449 361.265 264.393 270.111 9.21954 9.21954 10 9.21954
1.63382 1.26606 250.567 361.102 264.78 270.562 9.21954 9.21954 9.84886 9.21954
1.72591 1.40419 250.59 361.118 265.314 271.139 9.43398 9.21954 9.43398 9.21954
1.61284 1.25703 250.659 361.017 266.085 271.615 9.89949 9.21954 10.2956 9.21954
1.68789 1.2968 251.002 360.969 266.827 272.342 9.21954 9.21954 10.2956 9.21954
1.67934 1.23394 251.292 360.784 267.922 273.152 10 9.21954 10.2956 9.21954
1.73836 1.31136 251.738 360.649 269.031 274.178 9.43398 9.21954 10.2956 9.21954
1.75338 1.31068 252.356 360.42 270.271 275.124 9.43398 9.21954 10.2956 9.21954
1.70004 1.2947 252.982 360.159 271.646 276.695 10 9.21954 10.2956 9.21954
1.79113 1.23408 253.867 359.785 273.35 278.326 9.43398 9.21954 10.2956 9.21954
1.82198 1.32117 254.742 359.506 274.894 280.483 9.43398 9.21954 10 9.21954
1.81634 1.24696 256.096 358.906 276.706 282.479 9.43398 8.544 9.84886 9.21954
1.79441 1.28129 257.134 358.374 278.891 285.189 9.43398 8.544 9.43398 9.21954
1.81323 1.08343 258.447 357.567 281.021 288.265 9.43398 8.544 9.84886 9.21954
1.85747 1.20329 259.599 356.784 283.753 291.718 9.43398 8.544 9.48683 9.21954
1.96064 1.10768 261.011 355.843 286.325 295.355 9.84886 8.544 9.48683 9.21954
1.97512 1.08995 262.454 354.932 289.503 299.323 9.84886 8.544 9.48683 9.21954
2.00768 1.0694 263.905 353.895 292.704 303.495 9.84886 8.544 9.48683 9.21954
2.05905 0.901787 265.494 353.128 296.066 307.741 9.84886 8.544 9.05539 9
2.13282 0.811272 267.376 351.734 299.434 312.274 9.21954 8.544 9.21954 9
2.27242 0.876285 269.18 350.171 303.49 317.367 9 8.544 9.05539 9
2.26908 0.788081 271.387 348.704 307.21 322.915 9 8.544 9.05539 9
-0.541342 0.838142 274.54 346.978 310.896 328.938 8.24621 8.24621 9.21954 9
-0.321366 0.994967 277.089 344.901 316.084 335.27 8.60233 8.24621 9.21954 9
-0.427216 1.03373 280.161 342.54 321.635 342.06 8.544 8.24621 9.21954 9.21954
-0.291666 0.779447 283.372 339.849 328.043 348.652 8.60233 8.24621 9.05539 9
-0.0246643 0.794427 285.614 337.559 334.802 354.704 9.21954 8.48528 9.05539 9
0.0301128 0.490672 287.261 336.196 341.256 360.657 9.21954 8.48528 9.05539 8.24621
0.135406 -0.252765 288.843 335.119 347.14 366.271 9.43398 8.48528 9.43398 8.94427
0.285988 2.01487 290.065 333.751 352.394 371.71 9.84886 8.24621 10.2956 8.544
0.382666 -0.751484 291.323 332.935 357.191 376.793 9.84886 8.24621 9 9
0 0.398053 0 310.056 0 370.443 9.21954 9.21954 9.48683 8.94427
0 0.448574 0 310.925 0 375.153 9.21954 9.21954 9.21954 8.24621
0.417904 -0.702824 310.3 335 378.915 198.333 9.48683 8.24621 9.21954 9.21954
