0.000000 310.732000 0.000000 402.055000
0.000000 -1.667000 0.000000 -0.990000
291.327000 12.743000 392.411000 5.028000
286.608000 13.960000 388.737000 5.885000
-10.275000 0.209000 -8.855000 0.178000
-13.032000 0.275000 -13.131000 0.179000
-13.748000 -0.032000 -17.588000 -0.119000
-11.815000 -0.427000 -19.017000 -0.293000
-11.410000 -0.224000 -19.775000 -0.312000
-11.194000 -0.700000 -21.392000 -0.008000
-10.277000 -0.699000 -22.586000 0.167000
-8.758000 -0.925000 -22.643000 0.372000
-6.390000 -0.965000 -21.900000 0.299000
-3.818000 -0.406000 -20.842000 0.020000
-2.031000 -0.231000 -19.525000 0.002000
-0.681000 -0.114000 -18.410000 0.090000
1.170000 -0.288000 -16.750000 0.607000
2.623000 -0.335000 -14.816000 0.711000
3.800000 -0.151000 -13.101000 0.237000
4.909000 0.038000 -11.371000 -0.035000
5.873000 0.007000 -9.567000 -0.054000
-244.842000 0.184000 -247.115000 -0.100000
-248.039000 0.325000 -242.764000 -0.126000
0.000000 0.289000 0.000000 -0.101000
279.667000 0.339000 193.000000 -0.170000
0.000000 0.181000 0.000000 -0.040000
-279.667000 0.138000 -193.000000 -0.011000
0.000000 0.097000 0.000000 -0.021000
0.000000 -0.069000 0.000000 0.054000
0.000000 -0.071000 0.000000 -0.060000
0.000000 -0.052000 0.000000 0.009000
0.000000 -0.014000 0.000000 0.035000
0.000000 -0.050000 0.000000 -0.093000
278.004000 -0.133000 276.057000 -0.110000
274.732000 -0.184000 281.429000 -0.105000
-8.029000 -0.059000 10.346000 -0.091000
-10.260000 0.038000 8.877000 -0.036000
-11.695000 0.045000 6.685000 -0.010000
-12.565000 0.024000 4.039000 -0.006000
-12.330000 -0.037000 0.567000 0.022000
-11.012000 0.016000 -2.248000 -0.019000
-9.332000 -0.070000 -5.763000 0.105000
-7.050000 -0.066000 -8.348000 0.110000
-4.397000 -0.058000 -9.673000 0.060000
-2.164000 -0.219000 -11.170000 0.170000
-0.214000 -0.489000 -11.472000 0.209000
1.697000 -0.665000 -11.067000 0.323000
3.332000 -0.426000 -10.230000 0.141000
4.636000 -0.314000 -8.962000 -0.016000
6.100000 -0.297000 -7.522000 0.025000
7.694000 0.005000 -5.371000 -0.002000
8.502000 0.012000 -3.147000 -0.008000
8.898000 -0.025000 -1.829000 -0.184000
-249.941000 0.105000 -245.848000 -0.243000
-254.606000 0.072000 -245.350000 0.014000
268.119000 0.129000 251.147000 -0.020000
271.355000 0.279000 254.386000 -0.200000
-268.119000 0.253000 -251.147000 -0.062000
-271.355000 0.196000 -254.386000 -0.054000
320.967000 12.237000 407.694000 -205.829000
274.621000 0.234000 271.036000 -0.031000
-48.439000 -11.774000 -132.634000 205.731000
-5.208000 0.184000 6.920000 0.029000
-7.383000 0.208000 5.266000 -0.028000
-8.709000 0.053000 4.379000 0.027000
-8.993000 0.016000 2.808000 0.034000
-8.523000 0.075000 0.921000 -0.017000
-7.184000 -0.161000 -0.621000 0.095000
-5.566000 -0.590000 -2.247000 0.236000
-3.641000 -0.170000 -3.701000 -0.036000
-1.467000 0.236000 -4.793000 -0.139000
0.555000 -0.308000 -4.928000 0.147000
2.248000 -0.675000 -4.756000 0.284000
3.610000 -0.437000 -4.805000 0.065000
4.779000 -0.140000 -4.104000 -0.147000
5.533000 -0.483000 -2.029000 0.072000
5.559000 -0.289000 -0.468000 -0.051000
5.535000 0.181000 0.488000 -0.110000
5.449000 0.081000 2.036000 -0.009000
4.407000 0.055000 3.166000 -0.079000
3.421000 0.221000 4.072000 -0.087000
2.955000 0.445000 4.832000 -0.262000
2.106000 0.448000 5.519000 -0.269000
1.065000 0.261000 6.221000 -0.059000
0.425000 0.282000 6.580000 0.029000
0.212000 0.328000 7.057000 -0.020000
0.657000 0.219000 7.656000 -0.026000
1.658000 0.090000 8.285000 0.032000
2.871000 -0.078000 8.797000 -0.007000
4.674000 -0.145000 9.628000 0.229000
6.665000 -0.218000 10.455000 0.340000
7.983000 -0.326000 11.432000 0.134000
8.751000 -0.331000 13.535000 0.047000
9.081000 -0.350000 15.195000 0.111000
8.374000 -0.377000 15.613000 0.169000
6.503000 -0.262000 15.357000 0.024000
5.500000 -0.211000 13.832000 -0.105000
5.834000 -0.062000 11.929000 -0.077000
4.704000 0.176000 11.117000 -0.054000
-304.932000 -320.106000 -360.640000 -408.003000
