342.679000 342.679000 140.513000 140.513000
-115.029000 -72.982000 233.123000 251.278000
-119.621000 0.494000 220.857000 -0.067000
-10.514000 73.693000 -25.690000 -250.595000
-8.485000 0.208000 -31.716000 0.458000
-3.174000 -0.287000 -37.043000 0.987000
-0.555000 -0.348000 -39.466000 0.853000
1.092000 -22.381000 -39.694000 253.100000
2.692000 0.300000 -38.514000 0.246000
4.057000 22.574000 -35.747000 -252.262000
5.381000 -0.196000 -32.892000 0.443000
6.221000 -0.286000 -30.576000 0.385000
6.724000 -0.176000 -27.605000 0.841000
7.626000 -0.262000 -24.367000 0.755000
8.552000 -0.312000 -20.669000 0.697000
84.981000 -0.207000 214.685000 0.732000
80.594000 -0.157000 223.612000 0.301000
-0.071000 -0.134000 -0.143000 0.476000
1.855000 -0.249000 0.866000 0.680000
3.627000 -0.238000 0.183000 0.601000
-1.225000 0.338000 -1.598000 -0.010000
-3.993000 0.292000 -0.301000 0.299000
-0.652000 0.154000 0.121000 0.930000
0.036000 0.072000 -0.152000 0.342000
-0.058000 0.660000 0.130000 -0.121000
0.431000 0.939000 -0.444000 0.255000
-0.296000 0.444000 0.686000 0.462000
0.012000 0.606000 0.772000 0.393000
-0.183000 0.828000 0.422000 0.374000
-0.014000 1.021000 0.259000 0.218000
0.705000 0.698000 -0.322000 -0.144000
0.510000 0.559000 -0.536000 0.056000
-61.904000 0.592000 -179.247000 0.466000
-68.472000 0.118000 -180.040000 0.144000
-12.065000 0.178000 -4.023000 0.065000
-10.582000 0.350000 -8.262000 0.147000
-8.414000 -0.019000 -12.205000 0.401000
-6.178000 0.091000 -15.006000 0.128000
-3.935000 -0.017000 -16.486000 -0.033000
-1.373000 -0.337000 -16.414000 0.271000
0.930000 -0.171000 -15.752000 0.240000
2.920000 0.001000 -14.187000 0.354000
85.068000 -0.234000 228.108000 0.308000
82.774000 0.026000 234.242000 -0.168000
-0.202000 0.279000 -0.492000 -0.545000
2.711000 -0.318000 0.171000 -0.286000
0.169000 -0.489000 -0.135000 0.283000
-2.339000 -0.333000 -1.281000 0.161000
0.147000 -0.533000 -0.465000 0.001000
0.138000 -0.282000 0.499000 0.397000
-0.631000 -0.109000 0.692000 0.121000
0.391000 0.303000 -0.150000 -0.591000
0.412000 0.847000 0.533000 -0.817000
-1.371000 0.799000 1.057000 -0.428000
0.149000 0.283000 -0.142000 0.173000
1.060000 -0.190000 -0.774000 0.384000
1.081000 0.365000 -1.053000 -0.293000
3.568000 0.593000 0.474000 -0.489000
-0.739000 0.218000 0.621000 -0.006000
-3.855000 -0.116000 0.146000 0.149000
0.646000 -0.185000 -0.285000 0.340000
4.055000 0.206000 -0.372000 0.082000
-0.224000 0.030000 0.288000 -0.042000
-3.919000 0.086000 0.545000 -0.243000
-0.665000 0.201000 0.439000 -0.257000
-0.403000 -0.277000 -0.401000 0.058000
-0.147000 -0.187000 -0.009000 0.226000
-0.686000 -0.157000 0.934000 0.289000
0.065000 -0.317000 -0.395000 0.090000
0.273000 0.065000 -1.258000 -0.145000
-0.671000 -0.020000 0.258000 0.173000
0.043000 0.079000 0.484000 -0.223000
-0.006000 0.032000 0.368000 -0.170000
0.791000 -0.374000 -0.381000 0.490000
0.568000 0.257000 -0.740000 -0.821000
-0.324000 0.366000 0.662000 -0.832000
0.329000 -0.209000 0.242000 0.301000
-0.336000 -0.121000 0.361000 0.190000
-0.065000 0.062000 0.311000 -0.123000
0.084000 -0.020000 0.137000 -0.233000
-0.283000 -0.065000 -0.147000 -0.094000
0.901000 0.084000 -0.828000 -0.341000
0.638000 0.229000 -0.440000 -0.417000
-0.160000 0.298000 -0.127000 -0.305000
3.081000 0.086000 0.843000 0.149000
3.132000 0.252000 0.516000 -0.148000
25.421000 0.391000 -249.502000 -0.565000
-69.739000 0.236000 -183.169000 -0.447000
-95.984000 0.339000 75.234000 -0.793000
-1.552000 0.559000 19.305000 -0.691000
-1.707000 0.530000 21.925000 -0.580000
-1.714000 0.836000 24.190000 -1.050000
-2.399000 0.498000 26.065000 -0.482000
-3.170000 0.130000 27.466000 -0.195000
-2.997000 0.215000 27.913000 -0.325000
-3.207000 -0.123000 28.120000 0.138000
-3.966000 0.006000 27.500000 0.043000
-4.353000 -0.351000 24.802000 0.421000
-4.247000 0.054000 22.315000 -0.439000
-237.539000 -348.091000 -335.633000 -143.851000
