0 0.243217 0 311.423 0 402.167 9.21954 9.21954 8.94427 8.94427
0 0.382785 0 310.732 0 402.055 9.21954 9.21954 9.48683 8.94427
0 0.456161 0 309.756 0 401.177 9.21954 9.21954 9.21954 8.06226
1.02217 -0.72738 291.327 323.475 392.411 407.083 9.21954 9 8.06226 9
1.19002 -0.784029 286.608 323.716 388.737 407.062 9.43398 9.21954 9 9
1.49187 -0.774751 281.052 323.684 383.556 407.261 9.89949 9.21954 9 9
1.63087 -0.726494 273.576 323.991 375.606 407.241 9.89949 9.21954 8.06226 9
1.87919 -0.727549 267.304 323.652 365.968 407.142 9.43398 9.21954 9 9
2.12378 -0.775017 261.761 323.564 356.589 406.948 9.48683 9 9 9
2.24781 -0.777928 255.894 323.428 346.193 406.83 9.21954 9 9 9
-0.687397 -0.699549 250.567 322.864 335.197 406.94 8.06226 9 8.06226 9
-0.407149 -0.680613 245.617 322.729 323.607 406.997 9.43398 8.24621 8.06226 9
-0.184406 -0.710432 241.809 321.939 312.554 407.312 9.21954 8.06226 8.06226 9
1.16212 -0.635381 239.227 321.764 301.707 407.296 9.84886 9.48683 8.06226 9
1.21516 -0.589004 237.991 321.533 291.712 407.332 9.84886 9.48683 8.06226 9
1.32405 -0.691153 237.196 321.533 282.182 407.298 9.43398 8.94427 8.06226 9
1.31128 -0.697655 237.31 321.419 273.302 407.422 9.43398 8.94427 8.06226 9
1.2238 -0.723244 238.366 321.245 265.432 407.905 9.84886 9.48683 8.06226 9
1.3938 -0.682117 239.933 321.084 258.486 408.133 9.43398 8.94427 8.06226 9
1.3159 -0.710382 242.166 321.094 252.331 408.142 9.43398 8.94427 8.06226 9
1.29459 -0.72805 244.842 321.122 247.115 408.098 9.43398 8.94427 8.06226 9
1.33709 -0.719539 248.039 321.101 242.764 408.088 9.43398 8.94427 8.06226 9
0 -0.674221 0 321.306 0 407.998 9.21954 9.21954 8.06226 9
0 -0.727585 0 321.426 0 407.962 9.21954 9.21954 8.06226 9
0 2.34245 0 321.595 0 407.897 9.21954 9.21954 9 9
1.82047 -0.686433 279.667 321.765 193 407.792 9.21954 9.21954 8.06226 9
0 -0.734696 0 321.776 0 407.857 9.21954 9.21954 8.06226 9
0 -0.71982 0 321.903 0 407.781 9.21954 9.21954 8.06226 9
0 -0.697405 0 321.873 0 407.836 9.21954 9.21954 8.06226 9
0 -0.683309 0 321.834 0 407.835 9.21954 9.21954 8.06226 9
0 -0.654503 0 321.802 0 407.776 9.21954 9.21954 8.06226 8.24621
0 -0.672697 0 321.782 0 407.844 9.21954 9.21954 8.06226 9
0 -0.658166 0 321.788 0 407.811 9.21954 9.21954 8.06226 9
0 -0.698635 0 321.732 0 407.751 9.21954 9.21954 8.06226 9
1.55706 -0.692559 278.004 321.655 276.057 407.701 9.89949 9.21954 8.06226 9
1.20604 -0.719028 274.732 321.548 281.429 407.646 9.84886 9.84886 8.06226 9
1.42663 -0.716253 269.975 321.596 286.403 407.61 10 9.43398 9 9
1.28187 -0.705935 264.472 321.586 290.306 407.61 9.43398 9.48683 9 9
1.21291 -0.69201 258.28 321.641 293.088 407.6 9.84886 9.48683 8.06226 9
1.16578 -0.699531 251.907 321.61 294.345 407.604 9.84886 9.21954 8.06226 9
1.13782 -0.702773 245.95 321.604 293.655 407.622 9.48683 9.21954 8.06226 9
1.07623 -0.629722 240.895 321.626 292.097 407.585 9.48683 9.21954 8.24621 9
1.13364 -0.645648 236.618 321.534 287.892 407.727 9.84886 9.21954 8.06226 9
1.1688 -0.66012 233.845 321.56 283.749 407.695 9.84886 9.21954 8.06226 9
1.17315 -0.716709 232.221 321.476 278.219 407.787 9.84886 9.48683 8.06226 9
1.22619 -0.655714 231.681 321.341 272.579 407.865 9.84886 9.21954 8.06226 9
1.20902 -0.632937 232.007 320.987 266.747 407.996 9.84886 9.21954 8.06226 9
1.27526 -0.749099 233.378 320.676 261.512 408.188 9.43398 8.94427 9 9
1.28691 -0.762466 235.339 320.561 256.517 408.137 9.43398 8.94427 9 8.24621
1.28971 -0.778847 238.014 320.362 252.55 408.172 9.43398 8.94427 9 9
1.32931 -0.710285 241.439 320.264 248.995 408.162 9.43398 8.94427 8.06226 9
1.37119 -0.705306 245.708 320.367 247.179 408.17 10 8.94427 8.06226 8.24621
1.37122 -0.715793 249.941 320.276 245.848 408.154 10 8.94427 8.06226 9
1.37964 -0.766739 254.606 320.342 245.35 407.986 10 8.94427 8.06226 9
0 -0.777309 0 320.381 0 407.911 9.21954 9.21954 9 9
0 -0.7472 0 320.414 0 408 9.21954 9.21954 8.06226 9
1.38937 2.31766 268.119 320.51 251.147 407.891 9.43398 9.43398 9.05539 9
1.22774 2.25912 271.355 320.693 254.386 407.8 9.84886 9.84886 9.05539 8.544
0 2.35186 0 320.763 0 407.829 9.21954 9.21954 9 9
0 -0.647425 0 320.889 0 407.746 9.21954 9.21954 8.06226 8.24621
-0.632969 1.5708 320.967 333 407.694 202 8.06226 8.24621 9.21954 9.21954
1.17803 -0.716366 274.621 321.123 271.036 407.715 9.84886 9.48683 9 9
1.48624 -0.711489 272.528 321.226 275.06 407.731 10 9.21954 9 9
1.42796 -0.709857 269.413 321.307 277.956 407.744 10 8.94427 8.06226 9
1.39001 -0.694734 265.145 321.434 280.326 407.703 9.43398 8.94427 9 9
1.29436 -0.716637 260.704 321.36 282.335 407.771 9.43398 8.94427 8.06226 9
1.43893 -0.670673 256.152 321.45 283.134 407.737 9.21954 8.94427 8.06226 9
1.27503 -0.687515 252.181 321.435 283.256 407.754 9.43398 8.94427 8.06226 9
1.26604 -0.684879 248.968 321.289 282.513 407.832 9.43398 8.94427 8.06226 9
1.28222 -0.611686 246.615 320.845 281.009 407.99 9.43398 8.94427 8.06226 8.24621
1.34122 -0.681179 245.327 321.119 278.812 407.796 9.43398 8.94427 8.06226 9
1.31008 -0.704387 245.148 321.081 276.216 407.851 9.43398 8.94427 8.06226 8.24621
1.30659 -0.685687 245.882 320.811 273.884 407.943 9.43398 8.94427 8.06226 8.24621
1.3008 -0.731333 247.396 320.406 271.46 408.135 10.2956 8.94427 8.06226 8.24621
1.36815 -0.779404 249.492 320.374 269.079 408.008 10 8.94427 9 9
1.3595 2.33718 252.175 320.266 267.356 407.988 9.43398 8.94427 9 9
1.43547 -0.739135 255.025 319.891 267.05 408.08 10 8.94427 8.06226 9
1.43289 -0.72253 257.734 319.977 266.888 407.937 10 8.94427 8.06226 9
1.4762 -0.743783 260.56 320.072 267.538 407.97 10 9.21954 9 8.24621
1.44759 -0.769117 263.183 320.058 268.924 407.928 9.21954 8.94427 9 8.24621
1.4811 -0.733943 264.967 320.127 270.704 407.891 9.21954 9.21954 8.06226 8.24621
1.40661 2.33953 266.604 320.279 272.996 407.841 10 8.94427 9 9
1.4503 -0.693944 267.922 320.572 275.536 407.629 10 8.94427 8.06226 8.24621
1.57303 -0.632368 268.71 320.727 278.515 407.572 9.89949 9.21954 8.06226 8.24621
1.5841 -0.721805 268.987 320.833 281.757 407.57 9.89949 9.21954 8.06226 8.24621
1.69802 -0.688785 269.135 321.009 285.095 407.601 10 8.60233 8.06226 8.24621
1.52372 -0.720296 269.199 321.161 288.814 407.55 9.89949 9.21954 8.06226 9
1.6006 -0.714901 269.792 321.228 292.751 407.575 9.89949 9.21954 8.06226 8.24621
1.62743 -0.710998 270.857 321.251 297.099 407.582 9.89949 9.21954 8.06226 9
1.63643 -0.686545 272.663 321.15 301.548 407.568 9.89949 9.21954 8.06226 9
1.84051 -0.696892 275.531 321.106 306.727 407.811 9.43398 8.60233 8.06226 8.24621
2.10802 -0.721494 279.328 320.932 312.003 407.908 9.48683 8.24621 9 8.24621
-0.750593 -0.780132 283.514 320.78 318.159 407.945 8.24621 9 9 9
-0.62618 -0.597682 288.079 320.601 325.538 407.955 8.544 9 8.06226 8.24621
-0.512441 -0.637357 292.595 320.43 333.354 408.056 8.544 8.24621 8.24621 8.24621
-0.319514 -0.648037 296.453 320.224 341.151 408.124 9.43398 8.24621 8.24621 8.24621
-0.222885 -0.740992 299.098 320.168 348.711 408.08 8.60233 8.48528 8.06226 9
-0.154845 -0.742046 301.953 320.013 354.983 408.019 9.21954 8.48528 8.06226 8.24621
-0.0392875 -0.759918 304.932 320.106 360.64 408.003 9.21954 8.48528 9 8.24621
-0.0630097 -0.743037 306.657 320.189 366.1 407.965 9.21954 8.48528 8.06226 9
