296.410000 382.312000 362.822000 381.477000
-42.504000 46.459000 -20.160000 7.857000
-8.828000 -1.341000 -18.919000 1.557000
-10.944000 -1.327000 -22.510000 1.002000
-12.180000 -1.079000 -24.208000 0.418000
-10.538000 -0.938000 -23.976000 0.456000
-7.766000 -0.808000 -21.829000 0.252000
-7.599000 -0.894000 -21.458000 0.142000
-7.023000 -0.564000 -23.072000 0.206000
-5.402000 -0.112000 -23.422000 -0.024000
-4.063000 -0.300000 -23.294000 0.135000
-2.316000 -0.213000 -22.302000 0.119000
22.142000 0.151000 -87.244000 -0.119000
22.837000 0.285000 -76.406000 -0.099000
-278.692000 0.006000 -164.256000 0.032000
99.784000 47.998000 219.625000 92.225000
378.676000 48.379000 383.749000 91.923000
0.007000 0.801000 -0.113000 -0.281000
-0.012000 0.358000 -0.165000 -0.035000
-0.191000 1.013000 0.129000 0.478000
-0.213000 0.873000 0.221000 0.299000
0.069000 -1.386000 -0.117000 -0.168000
0.159000 -0.018000 -0.290000 -0.059000
-378.464000 -48.135000 -383.755000 -92.785000
-101.610000 -49.342000 -220.015000 -92.586000
277.333000 -0.157000 163.444000 0.075000
0.667000 0.020000 0.500000 0.026000
0.211000 0.019000 0.170000 -0.018000
-0.123000 -0.019000 -0.386000 0.006000
101.449000 48.941000 219.718000 92.706000
12.176000 0.450000 92.267000 -0.201000
-93.430000 -48.685000 -125.012000 -92.634000
-8.841000 -0.150000 3.700000 0.206000
-9.287000 -0.272000 1.221000 0.247000
-8.894000 0.104000 -1.608000 -0.178000
-7.991000 0.535000 -4.449000 -0.493000
-6.899000 0.110000 -6.712000 0.001000
-5.443000 -0.103000 -8.179000 0.071000
14.497000 -0.154000 -87.928000 -0.044000
16.533000 -0.649000 -83.851000 0.397000
-279.583000 -0.425000 -163.333000 0.136000
98.948000 49.814000 220.433000 92.460000
279.857000 -0.444000 163.143000 0.186000
-378.323000 -50.031000 -383.495000 -92.790000
97.967000 49.664000 220.652000 92.561000
377.999000 48.539000 383.710000 92.589000
-377.824000 -49.625000 -383.795000 -92.395000
0.505000 0.657000 -0.115000 0.360000
278.667000 0.587000 163.000000 -0.391000
-99.837000 -48.735000 -219.928000 -92.806000
-0.334000 0.214000 0.000000 0.062000
0.000000 0.377000 -0.667000 -0.110000
0.667000 0.059000 0.333000 0.089000
100.422000 48.723000 220.531000 92.711000
0.333000 -0.186000 0.000000 0.177000
-99.200000 -48.841000 -220.087000 -92.379000
0.556000 0.157000 0.111000 -0.096000
10.695000 -0.154000 91.319000 -0.009000
8.134000 -0.344000 93.972000 0.375000
-5.729000 0.136000 4.983000 -0.057000
-5.926000 0.272000 3.164000 -0.211000
-6.012000 -0.005000 1.393000 0.219000
-6.273000 -0.077000 0.331000 0.173000
-5.945000 0.030000 -0.881000 -0.043000
-5.375000 0.086000 -2.248000 0.009000
-4.819000 -0.104000 -3.148000 0.077000
-4.111000 -0.375000 -3.700000 0.292000
-2.846000 -0.165000 -4.107000 0.088000
-2.069000 -0.121000 -3.937000 -0.009000
-1.269000 -0.101000 -3.185000 0.041000
0.056000 0.211000 -2.540000 -0.245000
1.011000 0.143000 -1.476000 -0.189000
1.451000 0.445000 0.402000 -0.345000
2.646000 0.465000 0.668000 -0.275000
3.035000 0.157000 3.214000 0.032000
2.901000 0.468000 6.412000 -0.181000
3.578000 0.474000 7.395000 -0.199000
3.880000 0.425000 9.239000 -0.200000
6.026000 0.605000 9.911000 -0.360000
7.690000 0.541000 11.261000 -0.143000
7.648000 0.578000 14.091000 -0.041000
7.569000 1.067000 16.540000 -0.561000
6.491000 1.304000 18.666000 -0.752000
5.397000 0.874000 19.690000 -0.132000
5.593000 0.828000 19.956000 -0.180000
4.527000 1.242000 20.394000 -0.724000
2.318000 0.976000 20.249000 -0.951000
1.918000 0.766000 19.152000 -1.188000
1.656000 0.929000 17.809000 -0.984000
1.156000 0.502000 16.118000 -0.381000
0.520000 0.692000 14.280000 -0.886000
36.661000 -45.754000 11.970000 -0.329000
36.888000 -46.100000 8.367000 3.463000
0.255000 0.255000 6.125000 6.125000
0.100000 0.100000 4.432000 4.432000
-0.392000 -0.392000 2.016000 2.016000
-0.645000 -0.645000 0.544000 0.544000
0.163000 0.163000 -0.639000 -0.639000
0.479000 0.479000 -1.044000 -1.044000
-339.346000 -339.346000 -387.288000 -387.288000
