1.94831 1.94831 342.633 342.633 139.843 139.843 9.89949 9.21954 9.89949 9.21954
1.8877 1.8877 342.679 342.679 140.513 140.513 9.89949 9.21954 9.89949 9.21954
-0.101124 0.106804 227.604 269.651 372.966 391.121 8.48528 8.48528 9.21954 9.21954
-0.0178259 1.86908 223.058 343.173 361.37 140.446 9.21954 8.48528 9.89949 9.21954
0.0579437 1.84584 217.09 343.344 347.276 140.526 8.60233 8.48528 9.89949 9.21954
0.0772904 1.86716 214.573 343.381 329.654 140.904 8.60233 8.48528 9.89949 9.21954
0.268479 1.86851 213.916 343.057 310.233 141.513 8.94427 8.06226 9.89949 9.21954
0.36917 2.04583 214.018 343.033 290.188 141.757 9.48683 8.24621 9.89949 9.21954
0.691321 -0.280592 215.008 320.676 270.539 394.613 9 8 9.21954 9.21954
0.730841 2.03363 216.71 343.333 251.674 142.003 9 9 9.89949 9.21954
1.19753 2.08146 219.065 343.25 234.792 142.351 9.84886 9.48683 9.89949 9.21954
1.22148 2.15126 222.091 343.137 218.782 142.446 9.84886 9.48683 9.89949 9.21954
1.28336 2.11132 225.286 342.964 204.216 142.736 9.43398 8.94427 9 9.21954
1.24688 2.05505 228.815 342.961 191.177 143.287 10.2956 9.48683 9.89949 9.21954
1.31957 2.15476 232.912 342.702 179.849 143.491 9.43398 8.94427 9 9.21954
1.4025 2.0731 237.367 342.649 170.508 143.984 10 9.43398 9.89949 9.21954
-0.749155 2.12567 317.893 342.495 394.534 144.223 9.21954 9.21954 9.89949 9.21954
-0.707878 2.21477 317.961 342.492 394.12 144.285 9.21954 9.21954 9 9.21954
-0.727087 2.14359 317.822 342.361 394.391 144.699 9 9.21954 9.89949 9.21954
-0.279993 2.12134 319.816 342.243 394.986 144.965 9.21954 9.21954 9.89949 9.21954
-0.23135 2.25402 321.449 342.123 394.574 145.3 9.21954 9.21954 9.89949 9.21954
-0.577704 2.21931 318.591 342.581 393.388 144.955 9.21954 9.21954 9 9.21954
-0.657539 2.15593 317.456 342.415 394.273 145.599 9.21954 9.21954 9 9.21954
-0.762365 2.21399 317.939 342.735 393.509 145.885 9.21954 9.21954 9 9.21954
-0.781669 2.2723 317.492 342.487 394.121 145.941 9.21954 9.21954 9 9.21954
-0.723682 2.23299 317.881 343.395 393.639 145.764 9.21954 9.21954 9 9.21954
2.34284 2.27172 317.923 343.426 393.677 146.196 9.21954 9.21954 9 9.21954
-0.732622 2.30103 317.585 343.839 394.325 146.226 9.21954 9.21954 9 9.21954
-0.665808 2.19719 317.935 344.032 394.449 146.589 9.21954 9.21954 9 9.21954
-0.724648 2.21069 317.402 344.667 394.747 146.6 9.21954 9.21954 9 9.21954
-0.668744 2.3393 317.921 345.053 394.708 146.807 9.21954 9.21954 9 9.21954
-0.723014 -0.756213 318.107 345.365 394.425 146.456 9 9.21954 9 9.21954
-0.710001 2.19814 318.431 345.612 394.172 146.863 9.21954 9.21954 9 9.21954
1.06863 2.23883 256.203 345.957 215.178 146.922 9.48683 9.21954 9 9.21954
1.27398 2.31311 249.959 345.73 214.132 147.007 9.43398 9.84886 9 9.21954
1.22211 2.22407 244.138 346.135 211.155 146.987 9.84886 9.84886 9 9.21954
1.3183 2.22265 239.377 346.08 205.87 147.154 9.43398 8.94427 9 9.21954
1.13556 2.25095 235.724 346.116 198.95 147.388 9.84886 9.21954 9 9.21954
1.31286 2.25226 233.199 346.171 190.864 147.282 9.43398 8.94427 9 9.21954
1.23975 2.27669 231.789 346.099 182.464 147.355 10.2956 9.48683 9 9.21954
1.30683 2.15332 231.826 345.834 174.45 147.553 9.43398 8.94427 9 9.21954
1.3477 2.22979 232.719 345.928 166.712 147.595 9.43398 8.94427 9 9.21954
1.41466 2.27364 234.746 345.835 160.263 147.907 10 9.43398 9.89949 9.21954
-0.66717 2.31629 317.787 345.694 394.82 147.903 9.21954 9.21954 9 9.21954
-0.679684 2.32032 317.52 345.861 394.505 147.739 9.21954 9.21954 9 9.21954
-0.702955 2.27039 317.585 345.973 394.328 147.358 9.21954 9.21954 9 9.21954
-0.253965 2.27731 320.231 345.543 394.676 147.453 9.21954 9.21954 9 9.21954
-0.73262 2.30431 317.754 345.484 394.193 147.641 9.21954 9.21954 9 9.21954
2.29368 2.33201 317.892 345.21 393.395 147.614 9.21954 9.21954 9 9.21954
-0.755529 2.35056 317.901 344.951 393.728 147.642 9.21954 9.21954 9 9.21954
-0.745172 -0.743727 318.03 344.928 393.894 148.011 9.21954 9.21954 9 9.21954
-0.749503 -0.766436 317.27 344.842 394.42 147.763 9.21954 9.21954 9 9.21954
-0.664848 -0.737245 318.421 345.231 393.744 147.42 9.21954 9.21954 9 9.21954
-0.673591 -0.750522 317.682 345.689 394.953 146.946 9.21954 9.21954 9 9.21954
-0.782709 -0.778376 317.05 346.03 394.801 146.992 9.21954 9.21954 9 9.21954
-0.665392 2.33636 317.831 345.972 394.811 147.119 9.21954 9.21954 9 9.21954
-0.752169 2.25779 318.11 345.84 394.027 147.376 9.21954 9.21954 9 9.21954
2.32323 2.19882 318.912 346.337 393.758 146.826 9.21954 9.21954 9 9.21954
-0.296662 2.24373 321.678 346.433 394.501 146.887 9.21954 9.21954 9 9.21954
-0.707117 2.17547 318.173 346.555 394.379 146.82 9.21954 9.21954 9 9.21954
2.23765 2.20155 317.823 346.317 394.647 147.036 9.21954 9.21954 9 9.21954
-0.721067 2.18615 318.819 346.37 394.094 147.16 9.21954 9.21954 9 9.21954
-0.316319 2.15988 321.878 346.523 394.275 147.118 9.21954 9.21954 9 9.21954
2.35299 2.197 318.595 346.4 394.382 147.118 9.21954 9.21954 9 9.21954
2.33184 2.15333 317.959 346.609 394.82 146.875 9.21954 9.21954 9.89949 9.21954
-0.708879 2.17298 317.93 346.601 394.821 146.861 9.21954 9.21954 9 9.21954
-0.76672 2.16604 317.556 346.332 394.419 146.933 9.21954 9.21954 9 9.21954
-0.653683 2.16185 317.783 346.414 394.812 147.087 9.21954 9.21954 9 9.21954
-0.694489 2.20458 316.87 346.175 395.353 147.222 9.21954 9.21954 9 9.21954
-0.731484 2.17419 317.848 346.097 394.417 147.177 9.21954 9.21954 9 9.21954
2.31181 2.18985 317.143 346.24 394.095 147.077 9.21954 9.21954 9 9.21954
-0.721608 2.30187 317.177 346.077 394.675 147.35 9.21954 9.21954 9 9.21954
-0.678251 2.24429 317.186 346.319 394.579 146.854 9.21954 9.21954 9 9.21954
-0.646999 2.23586 317.171 346.109 395.043 147.18 9.21954 9.21954 9 9.21954
-0.689609 2.31449 317.977 345.945 394.198 147.344 9.21954 9.21954 9 9.21954
-0.685011 2.2546 317.739 346.366 394.303 146.359 9.21954 9.21954 9 9.21954
-0.675092 2.27765 317.653 346.311 394.86 146.512 9 9.21954 9 9.21954
-0.752703 2.23248 318.068 346.157 394.545 146.66 9.21954 9.21954 9 9.21954
-0.632351 2.27382 317.317 346.19 395.221 146.702 9.21954 9.21954 9 9.21954
-0.659317 2.25174 318.003 346.219 394.856 146.537 9 9.21954 9 9.21954
-0.654182 2.21945 317.401 346.17 395.358 146.469 9.21954 9.21954 9 9.21954
2.27925 2.21263 317.72 346.154 394.709 146.443 9.21954 9.21954 9 9.21954
2.31109 2.21623 318.302 346.254 394.53 146.128 9.21954 9.21954 9 9.21954
-0.710332 2.27583 318.358 346.383 394.269 146.026 9.21954 9.21954 9 9.21954
-0.686607 2.21537 318.142 346.552 394.403 145.823 9.21954 9.21954 9 9.21954
-0.283409 2.1403 321.439 346.469 395.112 146.175 9.21954 9.21954 9 9.21954
-0.295276 2.22783 321.274 346.804 394.919 145.675 9.21954 9.21954 9.89949 9.21954
2.19187 2.19187 346.86 346.86 145.61 145.61 9.89949 9.21954 9.89949 9.21954
1.67648 2.10915 251.535 347.04 211.75 145.228 10 9.21954 9.89949 9.21954
1.72898 2.1035 250.876 347.199 220.844 144.817 10 9.21954 9.89949 9.21954
1.75706 2.06163 249.983 347.599 231.055 144.537 9.43398 8.60233 9.89949 9.21954
1.86482 2.04563 249.169 347.729 242.769 144.237 9.43398 8.60233 9.89949 9.21954
2.26753 2.01845 248.269 348.435 255.245 143.487 9.05539 8.06226 9.89949 9.21954
-0.721529 2.02121 246.77 348.227 268.834 143.755 9 8 9.89949 9.21954
-0.281665 1.93101 245.099 348.565 282.711 143.292 9.43398 8.06226 9.89949 9.21954
-0.0710379 1.91677 243.773 348.442 296.747 143.43 9.21954 8.48528 9.89949 9.21954
-0.0915702 1.91677 241.892 348.442 310.831 143.43 9.21954 8.48528 9.89949 9.21954
-0.138564 1.96932 239.807 348.448 324.247 143.473 9.21954 8.48528 9.89949 9.21954
-0.0987418 1.95149 237.539 348.091 335.633 143.851 9.21954 8.48528 9.89949 9.21954
-0.102694 1.93711 235.56 348.502 346.562 143.034 9.21954 8.48528 9.89949 9.21954
