0.00383914 0.00383914 335.261 335.261 374.465 374.465 9.21954 8.48528 9.21954 8.48528
0.555246 2.26399 296.41 382.312 362.822 381.477 9.21954 8.24621 9.05539 9
0.575429 2.28669 292.757 381.72 354.305 382.322 9.05539 8.06226 9.05539 9
0.269871 2.27601 287.582 380.971 343.903 383.034 8.94427 8.06226 9.05539 9
-0.137034 2.31205 281.813 380.393 331.795 383.324 9.21954 8.60233 9.05539 9
-0.324276 2.33897 275.402 379.892 319.695 383.452 8.60233 8.24621 9.05539 9
-0.437757 2.35376 271.275 379.455 307.819 383.78 8.94427 8.48528 9 9
-0.605965 2.31851 267.636 379.084 297.866 383.704 8.24621 9 9.05539 9
-0.722643 2.34904 263.676 378.561 286.361 383.922 8.06226 9 9 9
2.11615 2.35353 260.613 378.52 274.794 383.91 9.48683 8.544 9.05539 9
1.87418 -0.772886 258.274 378.449 262.939 383.898 9.43398 8.60233 9 9
1.79632 -0.77568 256.55 378.22 251.5 384.045 9.43398 8.60233 8.06226 9
1.74116 -0.776834 255.958 378.236 240.637 384.017 10 8.60233 8.06226 9
2.04418 -0.769867 278.692 378.371 164.256 383.926 9.21954 9.21954 8.06226 9
1.81577 -0.779232 278.795 378.521 164.231 383.918 9.21954 9.21954 9 9
0 2.34145 0 378.377 0 383.958 9.21954 9.21954 9.05539 9
-0.783392 0.0417118 378.579 426.519 383.856 476.143 9 9 9.21954 9.21954
-0.774016 -0.069675 378.676 426.756 383.749 475.881 8.06226 9 9.21954 9.21954
-0.777873 0.0590716 378.586 427.32 383.743 475.862 8.06226 9 9.21954 9.21954
2.35273 0.00698534 378.664 427.114 383.584 475.846 9 9 9.21954 9.21954
2.35375 0.0302581 378.395 428.333 383.872 476.34 9 9 9.21954 9.21954
2.33654 0.000858 378.451 427.987 383.805 476.145 9.05539 9 9.21954 9.21954
2.34052 -0.0189048 378.464 426.947 383.755 476.172 9.05539 9 9.21954 9.21954
2.33839 0.10796 378.61 427.969 383.515 476.086 9.05539 9 9.21954 9.21954
0 2.32924 0 378.812 0 383.387 9.21954 9.21954 9.05539 9
1.66072 2.33255 277 378.627 163.5 383.5 9.21954 9.21954 9.05539 9
1.16197 2.32942 277.333 378.655 163.444 383.462 9.21954 9.21954 9.05539 9
1.43621 2.34633 277.667 378.647 164 383.526 9.21954 9.21954 9.05539 9
1.31937 -0.784264 277.544 378.674 163.614 383.444 9.21954 9.21954 9 9
1.31937 2.34606 277.544 378.628 163.614 383.532 9.21954 9.21954 9 9
2.34129 -0.0170456 378.993 427.615 383.332 476.15 9.05539 9 9.21954 9.21954
2.34877 2.34923 289.72 379.078 255.881 383.331 9.05539 9 9.05539 9
-0.721585 2.33838 285.563 378.93 258.32 383.516 8.06226 9 9.05539 9
-0.777699 2.34022 280.879 378.928 259.581 383.537 9 9 9.05539 9
2.33973 2.34418 276.276 378.658 259.541 383.763 9.05539 8.06226 9.05539 9
2.31656 2.34715 271.985 379.032 257.973 383.359 9.05539 8.06226 9.05539 9
2.21149 2.34819 268.285 379.193 255.092 383.27 9.21954 8.24621 9 9
2.12398 -0.76878 265.086 379.142 251.261 383.36 9.21954 8.544 8.06226 9
2.03325 -0.783245 262.842 379.09 246.913 383.341 9.48683 8.544 8.06226 9
1.09552 -0.778376 279.583 378.988 163.333 383.316 9.21954 9.21954 8.06226 9
1.35163 -0.784173 279.375 378.441 163.062 383.738 9.21954 9.21954 9 9
0 2.34792 0 378.563 0 383.452 9.21954 9.21954 9 9
2.34235 -0.0030266 378.323 428.255 383.495 476.198 9.05539 9 9.21954 9.21954
1.35088 2.3486 279.857 378.119 163.143 383.638 9.21954 9.21954 9 9
0 2.32821 0 378.224 0 383.408 9.21954 9.21954 9.05539 9
2.35359 -0.0109679 377.824 427.783 383.795 476.199 9 9 9.21954 9.21954
2.34355 -0.0333541 377.999 426.763 383.71 475.997 9.05539 9 9.21954 9.21954
0 2.34568 0 378.158 0 383.804 9.21954 9.21954 9 9
2.35046 0.0292356 378.504 427.42 383.595 476.357 9 9 9.21954 9.21954
0.321751 2.33043 278.667 378.745 163 383.413 9.21954 9.21954 9.05539 9
2.35619 -0.784486 278.667 378.685 163.667 383.551 9.21954 9.21954 9 9
2.2787 2.33919 278.333 378.959 163 383.475 9.21954 9.21954 9.05539 9
0.321751 2.34984 278.667 379.062 163 383.441 9.21954 9.21954 9.05539 9
1.5708 2.35438 279 379.018 163.333 383.564 9.21954 9.21954 9 9
2.34199 0.0113491 379.089 427.785 383.531 476.152 9.05539 9 9.21954 9.21954
1.10715 2.33605 279.333 378.832 163.333 383.741 9.21954 9.21954 9.05539 9
1.31122 2.33392 279.889 378.944 163.444 383.773 9.21954 9.21954 9.05539 9
1.31122 2.34714 279.889 378.989 163.444 383.645 9.21954 9.21954 9.05539 9
-0.749135 -0.775741 290.584 378.79 254.763 383.764 8.06226 9 9 9
-0.778202 2.33851 288.023 378.645 257.416 384.02 8.06226 9 9.05539 9
2.35455 -0.767662 284.855 378.926 259.746 383.707 9 9 8.06226 9
2.32344 -0.777724 282.097 378.917 260.58 383.809 9.05539 9 9 9
-0.727908 -0.759308 278.843 378.921 261.139 383.926 8.06226 8 8.06226 9
2.33209 -0.766542 275.824 378.84 260.911 383.982 9.05539 9 8.06226 9
2.32824 -0.762572 272.898 378.951 260.258 383.883 9.05539 8.06226 8.06226 9
2.29099 -0.775913 270.449 378.926 258.663 383.991 9.05539 8.06226 9 9
2.28414 -0.764989 268.079 378.847 257.11 383.96 9.05539 9 8.06226 9
2.23151 -0.758935 266.338 378.551 254.963 384.283 9.21954 8.24621 8.06226 9
2.19852 -0.769963 265.233 378.682 253.003 384.048 9.21954 8.24621 8.06226 9
2.13023 -0.77007 264.269 378.43 251.026 384.274 9.48683 8.24621 8.06226 9
2.06891 2.34765 263.964 378.581 249.818 384.089 9.48683 8.544 9 9
2.10747 -0.782494 264.325 378.641 248.486 384.029 9.48683 8.544 8.06226 9
2.11002 -0.770178 264.975 378.724 248.342 383.9 9.48683 8.24621 8.06226 9
2.10331 -0.775306 265.776 379.086 248.888 383.684 9.48683 8.24621 8.06226 9
2.19102 -0.776932 267.621 379.189 249.01 383.625 9.21954 8.24621 9 9
2.23824 -0.772319 268.811 379.243 252.102 383.716 9.21954 8.06226 8.06226 9
2.25165 2.3447 270.522 379.657 255.422 383.444 9.05539 8.24621 9.05539 9
2.28971 2.342 272.389 379.717 259.497 383.517 9.05539 9 9.05539 9
-0.780414 2.35431 274.402 380.082 264.661 383.244 9 9 9 9
-0.704179 2.35095 278.415 380.322 269.408 383.157 8.06226 9 9 9
-0.640681 2.33817 282.092 380.623 275.922 383.101 8.24621 8.06226 9.05539 9
-0.512623 2.31129 286.063 380.9 283.499 383.116 8.544 8.24621 9.05539 9
-0.425686 2.33099 289.661 381.69 292.462 382.54 8.94427 8.94427 9.05539 9
-0.257175 2.28666 292.554 382.204 302.165 382.364 8.60233 8.94427 9.05539 9
-0.191488 2.33428 295.058 382.564 312.152 382.408 9.21954 8.94427 9.05539 9
-0.0826208 2.28868 298.147 383.032 322.121 382.184 8.48528 8.48528 9.05539 9
0.0333328 2.28073 299.585 383.806 332.546 381.684 9.21954 8.48528 9.05539 9
0.114446 2.29199 300.465 384.008 342.37 381.233 9.43398 8.48528 9.05539 9
0.17255 2.30504 301.503 384.572 351.698 380.496 9.43398 8.06226 9.05539 9
0.306548 2.26111 302.121 384.937 360.179 380.249 8.94427 8.06226 9.05539 9
0.339859 2.30239 302.659 385.074 367.816 380.115 9.48683 8.544 9.05539 9
0.38853 2.28239 302.641 385.629 374.459 379.363 9.48683 8.544 9.05539 9
-0.072555 -0.072555 339.32 339.32 379.786 379.786 8.48528 7.81025 8.48528 7.81025
-0.169031 -0.169031 339.529 339.529 382.826 382.826 9.21954 8.60233 9.21954 8.60233
-0.264279 -0.264279 339.575 339.575 385.911 385.911 8.60233 8.06226 8.60233 8.06226
-0.186158 -0.186158 339.629 339.629 387.258 387.258 9.21954 8.60233 9.21954 8.60233
-0.188766 -0.188766 339.183 339.183 387.927 387.927 9.21954 8.06226 9.21954 8.06226
-0.222242 -0.222242 338.984 338.984 387.802 387.802 8.60233 8.06226 8.60233 8.06226
-0.168876 -0.168876 339.346 339.346 387.288 387.288 9.21954 8.60233 9.21954 8.60233
-0.211545 -0.211545 339.463 339.463 386.758 386.758 8.60233 8.06226 8.60233 8.06226
