1.94398 1.94398 342.988 342.988 139.315 139.315 9.89949 9.21954 9.89949 9.21954
1.88786 1.88786 343.101 343.101 139.167 139.167 9.89949 9.21954 9.89949 9.21954
1.90553 1.90553 343.03 343.03 139.539 139.539 9.89949 9.21954 9.89949 9.21954
1.89396 1.89396 343.152 343.152 139.073 139.073 9.89949 9.21954 9.89949 9.21954
1.88443 1.88443 342.96 342.96 139.311 139.311 9.89949 9.21954 9.89949 9.21954
1.89049 1.89049 342.994 342.994 139.322 139.322 9.89949 9.21954 9.89949 9.21954
1.8883 1.8883 343.151 343.151 139.321 139.321 9.89949 9.21954 9.89949 9.21954
1.88624 1.88624 343.117 343.117 139.346 139.346 9.89949 9.21954 9.89949 9.21954
1.88624 1.88624 343.117 343.117 139.346 139.346 9.89949 9.21954 9.89949 9.21954
1.84696 1.84696 343.198 343.198 139.179 139.179 9.89949 9.21954 9.89949 9.21954
0.281446 0.281446 292.297 292.297 391.056 391.056 9.21954 9.21954 9.21954 9.21954
1.84354 1.84354 343.303 343.303 138.723 138.723 9.89949 9.21954 9.89949 9.21954
1.86077 1.86077 343.131 343.131 138.805 138.805 9.89949 9.21954 9.89949 9.21954
1.8541 1.8541 343.065 343.065 138.657 138.657 9.89949 9.21954 9.89949 9.21954
1.89591 1.89591 343.121 343.121 138.395 138.395 9.89949 9.21954 9.89949 9.21954
0.76663 1.82498 251.792 343.034 337.407 138.519 9 9 9.89949 9.21954
0.14039 1.82276 257.475 343.087 321.605 138.426 9.43398 8.06226 9.89949 9.21954
-0.498379 1.89793 262.845 343.049 303.343 138.315 8.544 8.24621 9.89949 9.21954
-0.507423 1.90448 267.944 342.933 285.537 138.267 8.544 8.24621 9.89949 9.21954
-0.711554 1.87368 272.42 342.868 269.76 138.124 8.06226 9 9.89949 9.21954
2.32743 1.91311 277.403 342.657 256.039 138.418 9.05539 9 9.89949 9.21954
2.15332 1.89092 282.695 342.423 244.811 138.515 9.48683 9 9.89949 9.21954
2.14643 1.90737 288.64 342.359 235.436 138.442 9.48683 8.24621 9.89949 9.21954
1.85142 1.85142 342.343 342.343 138.343 138.343 9.89949 9.21954 9.89949 9.21954
1.85451 1.85451 342.024 342.024 138.428 138.428 9.89949 9.21954 9.89949 9.21954
1.86588 1.86588 341.841 341.841 138.362 138.362 9.89949 9.21954 9.89949 9.21954
1.79661 1.79661 341.684 341.684 138.356 138.356 9.89949 9.21954 9.89949 9.21954
1.8033 1.8033 341.902 341.902 137.985 137.985 9.89949 9.21954 9.89949 9.21954
1.7764 1.7764 341.756 341.756 138.157 138.157 9.89949 9.21954 9.89949 9.21954
1.7764 1.7764 341.756 341.756 138.157 138.157 9.89949 9.21954 9.89949 9.21954
2.04925 1.79967 333.828 341.782 215.396 137.976 9.84886 8.544 9.89949 9.21954
2.23766 1.77663 335.869 341.842 218.35 138.211 9.21954 9 9.89949 9.21954
2.28265 1.88892 337.018 341.868 220.016 138.176 9.21954 9 9.89949 9.21954
2.14238 1.88921 336.929 342.513 220.204 137.942 9.48683 8.544 9.89949 9.21954
2.14314 1.9468 336.669 342.51 219.71 138.201 9.48683 9 9.89949 9.21954
2.03479 1.85569 335.57 342.644 219.22 138.437 9.84886 9 9.89949 9.21954
2.13393 1.86235 334.186 343.225 218.599 137.877 9.48683 9 9.89949 9.21954
2.14915 1.85725 331.929 343.177 217.9 138.129 9.48683 9 9.89949 9.21954
2.03446 1.80974 328.187 343.386 216.996 137.865 9.48683 8.544 9.89949 9.21954
1.79273 1.79273 343.544 343.544 138.083 138.083 9.89949 9.21954 9.89949 9.21954
1.77391 1.77391 343.924 343.924 137.619 137.619 9.89949 9.21954 9.89949 9.21954
1.82157 1.82157 344.296 344.296 137.66 137.66 9.89949 9.21954 9.89949 9.21954
1.90377 1.90377 344.514 344.514 137.467 137.467 9.21954 9.21954 9.21954 9.21954
1.93522 1.93522 344.887 344.887 137.245 137.245 9.89949 9.21954 9.89949 9.21954
1.83126 1.83126 345.136 345.136 136.887 136.887 9.89949 9.21954 9.89949 9.21954
1.8207 1.8207 345.493 345.493 136.514 136.514 9.89949 9.21954 9.89949 9.21954
1.79359 1.79359 345.702 345.702 136.687 136.687 9.89949 9.21954 9.89949 9.21954
1.77733 1.77733 345.79 345.79 136.662 136.662 9.89949 9.21954 9.89949 9.21954
1.79752 1.78465 267.888 345.843 216.958 136.721 9.43398 9.21954 9.89949 9.21954
1.80902 1.77604 265.323 345.833 218.178 136.771 9.43398 9.21954 9.89949 9.21954
1.79087 1.7993 263.944 346.026 219.07 136.547 9.43398 9.21954 9.89949 9.21954
1.84104 1.79616 263.705 345.824 220.35 136.745 10.2956 9.21954 9.89949 9.21954
1.86983 1.79301 264.621 345.836 221.81 136.622 10.2956 9.21954 9.89949 9.21954
1.91936 1.79677 266.819 345.749 223.48 136.625 9.84886 9 9.89949 9.21954
1.89566 1.77025 269.709 345.414 225.083 137.258 10.2956 8.544 9.89949 9.21954
1.79729 1.79508 272.769 345.548 225.642 136.626 10 9.21954 9.89949 9.21954
1.78377 1.81363 274.318 345.298 225.153 136.723 9.43398 9.21954 9.89949 9.21954
1.69354 1.82467 275.609 345.155 225.064 136.718 10 9.21954 9.89949 9.21954
1.77827 1.77216 275.742 345.057 225.155 136.842 10 9.21954 9.89949 9.21954
1.73547 1.77072 275.252 345.122 224.468 137.109 10 9.21954 9.89949 9.21954
1.63839 1.80251 274.54 345.372 223.989 136.689 9.89949 9.21954 9.89949 9.21954
1.63262 1.79586 274.216 345.411 223.444 136.518 9.89949 9.21954 9.89949 9.21954
1.62583 1.81697 274.496 345.296 223.744 136.695 9.89949 9.21954 9.89949 9.21954
1.72264 1.76849 274.721 345.019 224.077 137.248 10 9.21954 9.89949 9.21954
1.6698 1.74078 275.174 345.019 224.096 137.248 10 9.21954 9.89949 9.21954
1.70373 1.78747 275.235 345.296 224.409 136.695 10 9.21954 9.89949 9.21954
1.73124 1.81697 275.277 345.296 224.413 136.695 10 9.21954 9.89949 9.21954
1.73752 1.80319 275.198 345.306 224.537 136.857 10 9.21954 9.89949 9.21954
1.69974 1.75388 275.168 345.037 224.832 137.407 10 9.21954 9.89949 9.21954
1.7291 1.75388 275.237 345.037 225.274 137.407 10 9.21954 9.89949 9.21954
1.71318 1.73342 275.257 345.042 225.419 137.431 10 9.21954 9.89949 9.21954
1.73304 1.73342 275.256 345.042 225.551 137.431 10 9.21954 9.89949 9.21954
1.734 1.72806 275.185 345.078 225.673 137.421 10 9.21954 9.89949 9.21954
1.76564 1.72573 275.2 345.182 225.708 137.3 10 9.21954 9.89949 9.21954
1.77447 1.71724 274.905 345.182 225.711 137.353 9.43398 9.21954 9.89949 9.21954
1.72995 1.74214 274.815 345.604 225.845 136.449 10 9.21954 9.89949 9.21954
1.76304 1.73783 274.757 345.634 225.799 136.481 10 9.21954 9.89949 9.21954
1.79228 1.73255 274.705 345.616 225.793 136.585 9.43398 9.21954 9.89949 9.21954
1.67862 1.7517 274.098 345.643 226.158 136.561 10 9.21954 9.89949 9.21954
1.6934 1.73477 273.986 345.41 226.366 137.283 10 9.21954 9.89949 9.21954
1.68494 1.75469 273.828 345.298 226.686 137.489 10 9.21954 9.89949 9.21954
1.73979 1.7444 273.652 345.445 226.986 137.304 10 9.21954 9.89949 9.21954
1.72234 1.74738 273.275 345.423 227.701 136.96 10 9.21954 9.89949 9.21954
1.78818 1.7444 273.072 345.445 228.571 137.304 9.43398 9.21954 9.89949 9.21954
1.82009 1.73477 272.242 345.41 230.15 137.283 9.43398 9.21954 9.89949 9.21954
1.86239 1.7444 272.338 345.445 232.066 137.304 9.43398 9.21954 9.89949 9.21954
1.80145 1.70002 272.108 345.667 234.491 136.637 9.43398 9.21954 9.21954 9.21954
1.92641 1.74247 272.086 345.4 237.083 137.479 10.2956 9.21954 9.89949 9.21954
1.97087 1.83711 271.403 345.139 240.331 138.024 9.84886 8.544 9.89949 9.21954
1.96428 1.81491 270.782 345.131 244.236 137.982 9.84886 8.544 9.89949 9.21954
1.9854 1.81811 269.805 345.096 249.098 138 9.48683 8.544 9.89949 9.21954
2.04204 1.74007 268.561 345.219 254.259 137.833 9.48683 8.544 9.89949 9.21954
2.08536 1.8076 267.53 344.912 260.054 138.402 9.48683 8.544 9.89949 9.21954
1.99155 1.81811 266.239 345.096 266.607 138 9.84886 9.43398 9.89949 9.21954
2.19652 1.84397 264.862 345.061 273.872 138.066 9.21954 9 9.89949 9.21954
2.19001 1.84397 263.146 345.061 282.223 138.066 9.21954 8.24621 9.89949 9.21954
2.31707 1.74007 261.64 345.219 290.868 137.833 9 9 9.89949 9.21954
2.29162 1.76815 259.54 345.358 300.355 137.547 9.05539 9 9.89949 9.21954
2.32785 1.72576 256.528 345.222 310.697 137.798 9 8.544 9.89949 9.21954
-0.718706 1.73551 253.377 345.256 321.823 137.815 8.06226 9 9.89949 9.21954
