0.000000 0.000000 0.000000 0.000000
0.042000 0.042000 0.224000 0.224000
0.051000 0.051000 -0.094000 -0.094000
-0.070000 -0.070000 -0.228000 -0.228000
-0.158000 -0.158000 0.249000 0.249000
0.191000 0.191000 0.010000 0.010000
0.123000 0.123000 0.024000 0.024000
-0.034000 -0.034000 0.025000 0.025000
0.081000 0.081000 -0.167000 -0.167000
-50.820000 -50.820000 251.710000 251.710000
0.105000 0.105000 -0.456000 -0.456000
50.834000 50.834000 -252.251000 -252.251000
-0.238000 -0.238000 -0.066000 -0.066000
-0.010000 -0.010000 -0.410000 -0.410000
-91.273000 -0.031000 198.750000 -0.138000
-85.646000 -0.034000 183.210000 0.031000
11.053000 0.015000 -34.064000 -0.204000
10.469000 -0.154000 -36.068000 -0.159000
9.575000 -0.181000 -33.583000 -0.191000
9.459000 -0.276000 -29.498000 0.151000
10.275000 -0.445000 -24.949000 0.391000
11.237000 -0.298000 -20.603000 0.024000
59.648000 -0.080000 -106.468000 -0.172000
53.384000 -0.335000 -97.008000 -0.014000
-0.502000 -0.502000 0.019000 0.019000
-0.340000 -0.340000 -0.072000 -0.072000
0.061000 0.061000 -0.377000 -0.377000
0.072000 0.072000 -0.199000 -0.199000
-0.146000 -0.146000 0.172000 0.172000
-7.928000 0.026000 77.239000 -0.181000
-5.887000 0.086000 80.193000 0.054000
3.190000 0.086000 4.620000 0.200000
1.060000 0.671000 1.854000 -0.269000
-0.349000 0.642000 -0.306000 0.025000
-1.359000 0.131000 -0.984000 0.495000
-2.483000 0.715000 -1.111000 -0.324000
-3.641000 0.533000 -1.320000 -0.308000
-5.999000 0.161000 -1.603000 -0.012000
11.615000 0.367000 -79.817000 -0.046000
15.737000 0.538000 -79.377000 -0.246000
0.752000 0.752000 -0.423000 -0.423000
0.590000 0.590000 -0.152000 -0.152000
0.591000 0.591000 -0.415000 -0.415000
0.622000 0.622000 -0.580000 -0.580000
0.606000 0.606000 -0.731000 -0.731000
0.566000 0.566000 -0.200000 -0.200000
0.297000 0.297000 0.148000 0.148000
-77.814000 0.141000 80.271000 0.034000
-80.467000 0.043000 81.516000 0.109000
-3.944000 0.183000 2.112000 -0.174000
-1.618000 -0.009000 2.172000 -0.026000
0.677000 -0.190000 2.740000 0.075000
3.114000 -0.075000 3.130000 -0.120000
5.088000 -0.422000 3.273000 0.636000
5.950000 -0.201000 2.162000 0.001000
4.609000 -0.116000 0.070000 -0.535000
2.840000 -0.393000 -0.578000 0.092000
1.424000 -0.241000 0.002000 0.119000
-0.357000 -0.033000 -0.596000 0.391000
-1.202000 0.315000 -1.166000 -0.153000
-1.036000 0.289000 -1.024000 -0.591000
-0.044000 -0.076000 -0.245000 0.006000
0.505000 -0.392000 0.633000 0.730000
0.678000 -0.277000 0.352000 0.553000
0.514000 0.277000 0.332000 -0.553000
0.103000 0.277000 0.317000 -0.553000
-0.037000 0.010000 0.128000 0.162000
-0.109000 -0.259000 0.419000 0.712000
0.039000 -0.269000 0.737000 0.550000
0.089000 0.005000 0.587000 0.024000
0.019000 0.005000 0.277000 0.024000
-0.072000 0.036000 0.254000 -0.010000
-0.056000 0.140000 0.157000 -0.131000
-0.280000 0.104000 0.038000 -0.068000
-0.385000 0.422000 0.137000 -0.851000
-0.148000 0.452000 0.088000 -0.872000
-0.110000 0.012000 -0.052000 0.136000
-0.659000 0.009000 0.359000 0.080000
-0.719000 -0.206000 0.573000 0.698000
-0.270000 -0.345000 0.528000 0.928000
-0.334000 0.035000 0.620000 0.021000
-0.553000 0.125000 1.015000 -0.529000
-0.580000 0.000000 1.585000 0.000000
-1.033000 -0.013000 2.449000 0.323000
-0.734000 0.000000 3.495000 0.000000
-0.134000 0.257000 4.341000 -0.646000
-0.252000 -0.045000 5.017000 0.175000
-0.705000 -0.528000 5.840000 1.387000
-1.304000 -0.269000 7.153000 0.503000
-1.598000 -0.043000 8.767000 -0.024000
-2.221000 0.088000 10.023000 -0.149000
-2.275000 -0.184000 10.956000 0.402000
-2.322000 -0.123000 12.348000 0.167000
-2.668000 0.149000 13.818000 -0.336000
-3.093000 -0.035000 15.616000 0.066000
-3.222000 0.158000 16.996000 -0.233000
-3.606000 0.297000 18.132000 -0.519000
-5.112000 0.003000 19.829000 -0.035000
-6.163000 -0.102000 21.468000 0.268000
0.000000 0.000000 0.000000 0.000000
