0.000000 0.000000 0.000000 0.000000
-0.637000 -0.637000 -0.171000 -0.171000
-0.092000 -0.092000 -0.679000 -0.679000
-0.213000 -0.213000 -0.492000 -0.492000
0.135000 0.135000 -1.907000 -1.907000
-43.236000 39.629000 -0.417000 -7.264000
-44.750000 39.282000 -4.708000 -4.880000
-2.175000 0.282000 -14.350000 0.465000
-0.721000 -0.068000 -17.593000 0.462000
1.238000 -0.695000 -20.688000 0.871000
2.084000 -0.796000 -23.479000 0.788000
2.892000 -0.738000 -24.948000 0.623000
3.284000 -0.438000 -24.662000 0.327000
3.000000 -0.374000 -23.337000 0.345000
3.191000 -0.763000 -22.199000 0.753000
3.631000 -0.539000 -20.743000 0.336000
4.014000 -0.262000 -18.918000 -0.087000
4.494000 -0.837000 -16.719000 0.341000
4.534000 -0.310000 -13.926000 -0.306000
4.633000 -0.226000 -11.300000 -0.426000
-38.743000 -0.511000 -96.301000 -0.270000
-41.903000 -0.065000 -90.506000 -0.650000
48.400000 -0.125000 82.659000 -0.403000
50.986000 -0.069000 81.097000 -0.321000
3.561000 -0.229000 -1.133000 0.006000
3.056000 -0.253000 -0.160000 0.035000
2.336000 0.151000 0.835000 -0.436000
1.576000 0.298000 1.508000 -0.478000
1.089000 0.417000 1.478000 -0.607000
0.671000 0.072000 1.506000 -0.146000
0.595000 -0.149000 0.700000 0.139000
0.093000 0.084000 -0.197000 -0.175000
-0.253000 0.291000 -0.985000 -0.304000
-0.864000 0.356000 -0.971000 -0.366000
-2.105000 -0.097000 -0.443000 0.166000
-2.407000 -0.338000 -1.512000 0.310000
-3.475000 -0.079000 -1.453000 -0.056000
-54.164000 -0.186000 -81.938000 0.084000
-51.889000 -0.283000 -81.121000 0.140000
0.489000 -0.043000 0.000000 0.009000
0.583000 -0.121000 -0.500000 0.234000
0.101000 -0.322000 1.103000 0.242000
1.084000 -0.292000 0.333000 0.073000
1.077000 -0.100000 -1.436000 0.023000
0.041000 0.024000 0.042000 -0.041000
0.333000 0.197000 0.833000 -0.228000
0.736000 0.287000 0.133000 -0.309000
0.500000 0.333000 0.333000 -0.289000
0.069000 0.109000 0.595000 -0.083000
0.500000 -0.041000 0.000000 0.088000
0.687000 -0.152000 -0.703000 0.148000
0.444000 0.088000 -0.833000 0.095000
0.763000 0.218000 -0.622000 -0.063000
0.473000 0.002000 -0.417000 -0.113000
0.037000 0.073000 -0.278000 -0.050000
-0.323000 0.073000 0.388000 -0.099000
-0.333000 -0.146000 -0.167000 0.054000
-0.404000 -0.235000 0.267000 0.157000
-0.500000 -0.241000 2.167000 0.088000
-8.731000 -0.147000 85.190000 -0.146000
-8.348000 -0.155000 84.319000 -0.109000
0.837000 -0.113000 0.473000 0.018000
0.691000 0.083000 0.341000 -0.205000
0.903000 -0.044000 -0.066000 -0.090000
0.954000 -0.191000 -0.063000 0.145000
0.731000 0.001000 0.538000 -0.080000
0.699000 0.295000 0.470000 -0.324000
0.113000 0.120000 0.571000 -0.057000
5.196000 0.153000 -85.952000 -0.173000
5.100000 -0.035000 -86.373000 0.014000
0.072000 -0.262000 -0.380000 0.261000
0.249000 -0.004000 -0.610000 0.047000
-0.039000 -0.224000 -0.274000 0.315000
-1.300000 0.114000 92.969000 0.034000
0.860000 0.217000 96.305000 -0.138000
3.687000 -0.069000 9.260000 0.254000
3.392000 0.003000 12.969000 0.580000
3.964000 -0.106000 15.384000 0.621000
4.055000 0.154000 17.877000 0.216000
3.779000 0.433000 19.901000 -0.168000
3.865000 0.478000 20.990000 -0.138000
3.659000 0.680000 21.598000 -0.371000
2.646000 1.706000 21.773000 -1.855000
2.360000 1.430000 20.644000 -1.575000
2.402000 0.793000 18.294000 -0.573000
2.364000 1.041000 15.715000 -0.687000
2.649000 0.621000 13.448000 -0.149000
3.354000 0.241000 11.514000 0.438000
3.741000 0.227000 9.780000 0.354000
3.490000 0.310000 8.178000 0.248000
3.249000 0.312000 6.813000 0.239000
41.192000 -39.743000 3.292000 2.772000
40.472000 -39.125000 2.840000 5.372000
1.466000 1.466000 3.370000 3.370000
1.568000 1.568000 2.052000 2.052000
1.654000 1.654000 2.388000 2.388000
1.393000 1.393000 1.906000 1.906000
1.047000 1.047000 1.936000 1.936000
0.044000 0.044000 1.652000 1.652000
0.000000 0.000000 0.000000 0.000000
