0.000000 0.000000 0.000000 0.000000
0.000000 -0.038000 0.000000 -0.020000
0.000000 0.008000 0.000000 0.003000
0.000000 0.032000 0.000000 -0.001000
0.000000 0.203000 0.000000 -0.080000
0.000000 0.027000 0.000000 -0.318000
0.000000 -0.345000 0.000000 -0.609000
310.797000 -0.375000 399.823000 -1.271000
0.000000 -0.287000 0.000000 -2.568000
-310.797000 -0.271000 -399.823000 -4.062000
0.000000 -0.677000 0.000000 -5.655000
299.643000 8.070000 369.459000 11.566000
296.580000 8.663000 357.835000 14.769000
-6.029000 -0.041000 -24.663000 0.063000
-5.136000 -0.084000 -26.676000 0.124000
-4.173000 -0.213000 -26.596000 0.031000
-4.117000 -0.469000 -24.506000 0.113000
-3.372000 -0.246000 -21.723000 0.034000
-0.807000 -0.179000 -19.834000 -0.014000
1.929000 -0.440000 -18.229000 0.058000
3.560000 -0.374000 -15.793000 0.092000
5.164000 -0.155000 -13.532000 -0.002000
27.434000 -0.011000 136.601000 0.047000
-293.162000 -0.025000 -264.716000 0.124000
-317.514000 -0.143000 -407.627000 -0.132000
0.000000 -0.080000 0.000000 -0.207000
0.000000 0.089000 0.000000 -0.147000
0.000000 0.123000 0.000000 -0.111000
317.678000 0.564000 407.301000 -149.833000
317.824000 2.667000 407.202000 -147.106000
0.180000 4.351000 -0.202000 5.354000
0.309000 3.262000 -0.148000 3.586000
0.365000 1.294000 -0.029000 0.650000
0.188000 -0.291000 0.142000 -1.015000
0.173000 -1.069000 0.055000 -1.448000
-0.017000 -1.436000 -0.119000 -1.626000
-0.032000 -2.551000 0.058000 -1.643000
-0.366000 -3.391000 -147.875000 146.098000
-3.126000 -1.783000 -148.911000 146.818000
-6.230000 -0.029000 -1.965000 -0.024000
-315.238000 -0.034000 -258.272000 -0.007000
-311.708000 -0.036000 -257.237000 -0.038000
0.000000 0.149000 0.000000 0.004000
318.275000 19.068000 407.090000 -210.525000
0.000000 0.129000 0.000000 -0.161000
-318.275000 -18.834000 -407.090000 210.442000
277.337000 -0.043000 255.083000 -0.038000
272.819000 -0.008000 255.687000 -0.183000
-8.129000 -0.011000 1.195000 0.112000
-7.019000 -0.122000 1.610000 0.298000
-6.118000 -0.277000 1.898000 -0.039000
-4.640000 -0.421000 1.946000 0.007000
-3.394000 -0.385000 2.327000 0.104000
-1.970000 -0.259000 2.663000 0.043000
-0.182000 -0.124000 2.882000 0.044000
0.965000 -0.015000 2.943000 -0.094000
2.429000 0.000000 3.064000 -0.066000
3.990000 -0.006000 3.392000 -0.011000
4.728000 0.025000 3.666000 -0.109000
3.875000 0.095000 2.971000 -0.081000
1.146000 0.067000 2.052000 -0.004000
-0.059000 -0.050000 1.638000 -0.002000
-0.113000 -0.077000 0.748000 -0.011000
-0.652000 0.041000 -0.002000 -0.045000
-0.448000 0.167000 0.091000 -0.019000
0.360000 0.119000 0.263000 0.005000
0.615000 0.029000 0.284000 -0.014000
0.707000 0.075000 0.200000 -0.008000
0.823000 0.218000 0.103000 -0.031000
0.555000 0.059000 0.128000 0.004000
0.523000 -0.066000 0.369000 0.022000
0.598000 0.032000 0.234000 -0.033000
0.381000 0.133000 -0.126000 -0.028000
0.325000 0.084000 -0.012000 0.050000
0.320000 0.116000 -0.048000 0.010000
0.268000 0.234000 -0.015000 -0.150000
0.302000 0.102000 -0.004000 -0.078000
0.160000 0.017000 -0.057000 0.057000
-0.020000 -0.112000 0.220000 0.047000
0.069000 -0.114000 0.383000 0.067000
0.385000 -0.044000 0.235000 0.068000
0.556000 -0.090000 0.174000 0.026000
0.333000 -0.047000 0.469000 -0.015000
0.268000 -0.041000 0.697000 -0.026000
0.609000 -0.115000 0.603000 -0.030000
1.240000 -0.123000 1.106000 0.032000
1.631000 -0.057000 1.700000 0.061000
1.823000 -0.008000 2.333000 -0.083000
2.538000 -0.100000 3.266000 -0.075000
2.849000 0.005000 4.231000 0.018000
3.003000 0.098000 5.381000 -0.005000
3.441000 -0.029000 6.313000 0.148000
3.486000 -0.160000 7.416000 0.096000
3.385000 -0.067000 8.604000 -0.092000
3.703000 0.124000 9.545000 -0.094000
3.971000 0.142000 10.339000 0.007000
4.039000 0.178000 11.128000 0.010000
4.193000 0.081000 11.663000 -0.016000
4.455000 0.200000 12.153000 0.066000
0.000000 0.000000 0.000000 0.000000
