1.91012 1.91012 342.717 342.717 139.767 139.767 9.89949 9.21954 9.89949 9.21954
1.90263 1.90263 342.515 342.515 139.983 139.983 9.89949 9.21954 9.89949 9.21954
-0.719075 -0.719075 318.114 318.114 394.122 394.122 9.21954 9.21954 9.21954 9.21954
1.90981 1.90981 342.73 342.73 139.677 139.677 9.89949 9.21954 9.89949 9.21954
-0.661554 -0.661554 317.939 317.939 394.547 394.547 9.21954 9.21954 9.21954 9.21954
-0.684665 -0.684665 317.926 317.926 394.305 394.305 9.21954 9.21954 9.21954 9.21954
1.92023 1.92023 342.855 342.855 139.532 139.532 9.89949 9.21954 9.89949 9.21954
1.91189 1.91189 343.053 343.053 139.25 139.25 9.89949 9.21954 9.89949 9.21954
1.86175 1.86175 343.19 343.19 139.494 139.494 9.89949 9.21954 9.89949 9.21954
0.332298 1.76144 283.647 343.584 393.789 138.416 9.84886 9.21954 9.89949 9.21954
1.84336 1.84336 343.638 343.638 139.017 139.017 9.89949 9.21954 9.89949 9.21954
1.87912 0.837175 344.368 375.799 138.251 350.735 9.89949 9.21954 9.05539 9.05539
1.89217 0.481813 344.689 376.872 138.564 339.385 9.89949 9.21954 9.21954 8.06226
2.15875 0.507091 217.7 378.483 359.161 328.069 9.48683 8.544 9.21954 8.24621
2.27941 0.2388 213.834 380.477 346.825 316.872 9.05539 9 8.94427 8.24621
-0.454992 0.225897 210.514 381.865 333.226 306.782 8.94427 8.94427 8.94427 8.94427
-0.256774 0.218029 207.293 383.048 319.147 298.111 8.60233 8.94427 9.43398 8.94427
-0.195883 0.156917 204.691 383.453 303.945 291.171 9.21954 8.94427 9.43398 8.48528
-0.0998924 0.14036 202.503 383.506 287.165 286.823 9.21954 8.48528 9.43398 8.48528
0.0558524 0.163355 202.019 382.713 270.599 284.84 9.21954 8.48528 9.43398 8.94427
0.336648 0.260174 202.353 382.174 255.139 284.876 9.84886 8.94427 9.84886 8.94427
0.52818 0.134496 204.185 381.449 240.835 287.207 9.21954 8.24621 9.43398 8.48528
0.567563 0.17043 206.186 381.09 228.814 291.364 9.21954 8.24621 9.43398 8.48528
0.890089 0.111247 208.775 381.584 218.772 296.746 9.21954 9.05539 9.43398 8.48528
0.974632 0.1245 211.917 382.534 210.845 303.62 9.48683 9.21954 9.43398 8.48528
1.06438 0.103422 215.39 385.825 205.129 310.748 9.48683 9.21954 9.43398 8.48528
1.13022 0.140021 219.051 390.109 201.347 316.721 9.84886 9.21954 9.43398 8.48528
1.11588 0.124564 222.958 394.484 199.846 321.187 9.84886 9.21954 9.43398 8.48528
1.09691 0.0400261 226.784 399.464 200.207 323.572 9.48683 9.21954 9.21954 8.48528
1.12602 -0.00315601 230.513 404.958 202.089 323.913 9.84886 9.21954 9.21954 8.48528
1.30413 -0.0158669 234.404 409.891 205.516 321.811 9.43398 8.94427 9.21954 8.48528
0.999241 0.0555661 237.724 414.641 211.428 317.392 9.21954 9.21954 9.21954 8.48528
0.0377764 -0.0374272 241.151 418.45 218.458 310.936 9.21954 8.48528 9.21954 8.48528
0.155609 -0.0195901 244.128 422.374 227.683 302.2 9.43398 8.06226 9.21954 8.48528
0.0275934 -0.109204 246.469 424.549 239.009 291.661 9.21954 8.48528 8.48528 8.48528
-0.0719201 -0.173512 248.177 426.203 250.126 280.282 9.21954 8.48528 8.60233 8.48528
-0.0645594 -0.293475 248.085 426.133 262.565 267.702 9.21954 8.48528 8.94427 8.94427
-0.0648613 -0.236492 246.235 424.682 274.769 256.387 9.21954 8.48528 8.60233 8.94427
-0.0120588 -0.409292 243.416 421.88 284.366 244.853 9.21954 8.48528 8.94427 8.24621
0.0123601 -0.575508 239.604 418.226 291.962 234.659 9.21954 8.48528 8.24621 8.24621
-0.063192 -0.399236 235.324 413.578 297.351 226.572 9.21954 8.48528 8.94427 8.24621
0.00174673 -0.767611 231.165 408.956 300.511 220.669 9.21954 8.48528 9 8.06226
-0.127051 -0.56405 227.114 403.508 300.779 217.221 9.21954 8.48528 8.544 8.24621
-0.0600889 -0.552079 224.291 398.216 298.415 215.451 9.21954 8.48528 8.544 8.24621
-0.0543553 2.16655 221.331 392.895 293.352 216.477 9.21954 8.48528 9.21954 8.544
-0.0825469 -0.624916 218.988 387.501 287.494 219.728 9.21954 8.48528 8.06226 8.24621
-0.124468 -0.456067 216.929 382.476 279.686 224.657 9.21954 8.48528 8.544 8.24621
0.00170842 -0.0692934 215.371 377.802 270.716 231.882 9.21954 8.48528 9.21954 8.48528
0.0420196 0.111639 213.935 373.997 260.502 241.187 9.21954 8.48528 9.43398 8.48528
0.154312 0.188063 213.98 371.507 250.607 250.884 9.43398 8.48528 8.94427 8.94427
0.435226 0.155094 214.916 371.285 241.417 261.827 9.48683 8.24621 9.43398 8.48528
0.224876 0.0423484 216.533 373.083 233.314 272.668 8.94427 8.06226 9.21954 8.48528
0.188185 0.0385104 218.913 376.01 226.582 282.199 9.43398 8.06226 9.21954 8.48528
0.737564 0.103711 221.592 380.543 221.708 290.058 9.05539 8.06226 9.43398 8.48528
0.446027 0.00864233 224.824 385.75 218.862 295.034 9.48683 8.544 9.21954 8.48528
0.472321 0.0179974 228.118 391.353 217.948 297.475 9.21954 8.544 9.21954 8.48528
0.349927 0.0136807 231.641 396.679 219.558 297.011 8.94427 8.544 9.21954 8.48528
0.145321 -0.0376675 235.051 400.938 223.192 293.551 9.43398 8.06226 9.21954 8.48528
0.0781186 -0.0133606 238.346 405.561 228.785 287.353 9.43398 8.48528 9.21954 8.48528
-0.0980833 -0.0253826 241.15 409.408 236.016 278.403 9.21954 8.48528 9.21954 8.48528
-0.0378091 -0.158168 243.192 412.01 244.766 267.304 9.21954 8.48528 9.21954 8.48528
-0.0176238 -0.31628 244.075 412.888 254.593 255.903 9.21954 8.48528 8.60233 8.94427
-0.0986871 -0.318332 244.153 412.428 264.278 245.543 9.21954 8.48528 9.43398 8.06226
-0.0955527 -0.43076 242.638 410.669 272.089 235.645 9.21954 8.48528 8.94427 8.24621
-0.145466 -0.63151 240.785 407.553 277.804 228.043 9.21954 8.48528 8.544 8.06226
-0.0840274 -0.716097 238.884 403.672 281.679 223.131 9.21954 8.48528 9 8.06226
-0.0754467 -0.607353 237.382 399.21 284.032 220.491 9.21954 8.48528 8.544 8.06226
-0.0740728 -0.765577 235.616 394.529 285.034 220.951 9.21954 8.48528 8.06226 9
-0.069784 -0.704267 234.209 390.103 284.916 224.249 9.21954 8.48528 8.06226 8.06226
-0.122859 -0.356097 232.403 385.791 283.684 230.013 9.21954 8.48528 8.94427 8.544
-0.0785177 -0.0751717 231.974 382.299 281.923 238.289 9.21954 8.48528 9.21954 8.48528
-0.112861 -0.189507 230.624 379.734 280.008 247.032 9.21954 8.48528 8.60233 8.06226
-0.138546 0.0428437 229.68 378.207 277.657 256.648 9.21954 8.48528 9.21954 8.48528
-0.0924007 -0.0270551 229.241 377.819 275.432 265.661 9.21954 8.48528 9.21954 8.48528
-0.0981914 0.0800508 228.659 378.187 273.451 273.7 9.21954 8.48528 9.21954 8.48528
-0.118043 0.0250684 227.449 379.529 271.586 279.592 9.21954 8.48528 9.21954 8.48528
-0.136122 0.112693 227.397 381.078 269.75 283.532 9.21954 8.48528 9.43398 8.48528
-0.0283685 0.119446 227.684 382.659 268.727 286.075 9.21954 8.48528 9.43398 8.48528
-0.0712999 0.122563 227.268 383.813 268.032 286.896 9.21954 8.48528 9.43398 8.48528
-0.0657774 0.0209918 227.104 385.104 267.467 286.729 9.21954 8.48528 9.21954 8.48528
-0.0699436 0.0811798 227.252 385.855 267.495 285.853 9.21954 8.48528 9.43398 8.48528
-0.0716644 -0.00530555 227.081 386.335 268.115 284.835 9.21954 8.48528 9.21954 8.48528
-0.06824 0.0705903 227.073 386.046 268.81 283.818 9.21954 8.48528 9.43398 8.48528
-0.0937883 -0.0148402 226.718 385.904 270.232 283.255 9.21954 8.48528 9.21954 8.48528
-0.103013 0.0529451 226.683 385.494 271.973 283.245 9.21954 8.48528 9.21954 8.48528
-0.101471 0.0425436 227.095 384.891 273.819 284.219 9.21954 8.48528 9.21954 8.48528
-0.0957842 0.1098 226.931 384.711 276.667 285.655 9.21954 8.48528 9.43398 8.48528
-0.168833 0.0848003 227.021 384.469 279.919 287.985 9.21954 8.48528 9.43398 8.48528
-0.191439 0.124804 226.879 383.24 283.74 291.341 9.21954 8.48528 9.43398 8.48528
-0.313672 0.148444 226.769 382.949 288.546 295.526 9.43398 8.24621 9.43398 8.48528
-0.336032 0.261445 225.352 382.444 295.027 301.544 9.43398 8.24621 8.94427 8.24621
-0.452066 0.202933 225.117 381.971 302.334 308.422 8.544 8.24621 8.94427 8.48528
-0.534721 0.339032 224.368 381.85 310.375 316.332 8.24621 8.24621 9.84886 8.94427
-0.640955 0.425789 224.242 381.702 318.895 324.281 8.24621 9 9.48683 8.94427
-0.651733 0.474892 224.716 381.528 326.588 331.672 8.06226 8.24621 9.21954 8.94427
-0.539954 0.397167 225.614 380.312 335.459 338.956 8.544 8.24621 9.48683 8.06226
-0.645378 0.207627 226.289 378.909 344.622 346.09 8.24621 9 8.94427 8.06226
-0.643866 0.43333 227.039 378.052 354.051 353.188 8.06226 9 9.48683 8.24621
-0.656722 0.523481 228.101 376.755 362.749 359.174 8.24621 8.06226 9.21954 8.06226
2.26336 0.539492 229.175 374.747 371.158 364.432 9.05539 8.24621 9.21954 8.24621
