0.000000 0.000000 0.000000 0.000000
-24.603000 -24.603000 254.355000 254.355000
0.215000 0.215000 -0.306000 -0.306000
-0.175000 -0.175000 0.425000 0.425000
-24.804000 -24.804000 254.628000 254.628000
24.916000 24.916000 -255.015000 -255.015000
25.127000 25.127000 -255.055000 -255.055000
0.335000 0.335000 -0.038000 -0.038000
-59.406000 0.531000 254.539000 -0.834000
0.448000 0.448000 -0.477000 -0.477000
60.721000 32.215000 -255.538000 212.319000
1.051000 33.234000 -0.453000 200.368000
-126.668000 2.684000 220.910000 -22.666000
-130.855000 3.605000 208.261000 -22.513000
-7.186000 3.382000 -25.935000 -21.287000
-6.541000 2.571000 -27.678000 -18.761000
-5.823000 1.588000 -29.281000 -15.611000
-4.790000 0.458000 -31.982000 -11.288000
-2.672000 -0.740000 -33.346000 -6.331000
-0.150000 -1.332000 -32.026000 -1.947000
2.166000 -1.264000 -29.764000 2.367000
3.833000 -1.084000 -26.325000 6.488000
4.590000 0.135000 -22.063000 9.539000
5.731000 1.444000 -17.969000 12.256000
6.615000 4.241000 -13.643000 14.002000
7.134000 7.575000 -9.498000 13.101000
7.568000 8.659000 -5.283000 10.439000
7.733000 9.355000 -1.140000 6.851000
7.555000 10.474000 2.243000 2.726000
7.620000 10.427000 5.309000 -1.761000
7.211000 9.683000 9.339000 -6.521000
6.747000 8.559000 12.942000 -10.875000
6.404000 7.733000 16.255000 -15.192000
5.318000 6.099000 20.551000 -19.275000
4.049000 3.829000 22.443000 -21.918000
1.616000 1.584000 23.556000 -23.959000
-1.942000 -1.521000 24.643000 -23.895000
-4.669000 -4.253000 21.801000 -22.849000
-6.631000 -6.456000 17.193000 -21.728000
-8.092000 -8.302000 12.985000 -18.281000
-8.439000 -9.270000 8.549000 -13.990000
-8.210000 -10.070000 3.428000 -9.351000
-6.874000 -10.740000 -2.096000 -5.218000
-5.783000 -10.613000 -7.427000 -0.744000
-5.303000 -10.715000 -10.921000 4.277000
-4.402000 -10.419000 -13.666000 8.180000
-3.617000 -9.699000 -16.778000 12.154000
-2.994000 -8.479000 -19.184000 16.530000
-1.391000 -6.295000 -20.109000 19.002000
0.981000 -2.712000 -19.085000 20.640000
2.553000 1.576000 -17.293000 21.784000
3.997000 4.725000 -14.835000 20.372000
5.059000 7.460000 -11.606000 17.390000
5.911000 9.740000 -7.720000 12.835000
6.526000 10.810000 -3.760000 7.417000
6.817000 10.929000 0.696000 1.977000
6.933000 9.585000 5.244000 -3.924000
6.705000 8.882000 9.227000 -9.658000
6.099000 8.470000 12.824000 -15.148000
4.846000 6.449000 15.981000 -20.049000
2.925000 3.480000 18.577000 -22.500000
0.961000 0.418000 19.512000 -21.761000
-1.437000 -2.219000 17.496000 -20.258000
-3.368000 -4.875000 13.526000 -17.500000
-3.754000 -6.997000 9.590000 -12.514000
-3.403000 -8.343000 6.228000 -7.552000
-3.268000 -9.143000 3.355000 -2.180000
-3.173000 -9.107000 0.884000 3.758000
-3.213000 -8.738000 -1.350000 9.062000
-2.235000 -7.804000 -2.993000 14.040000
-1.779000 -6.057000 -3.676000 17.019000
-2.294000 -4.092000 -4.266000 18.359000
-1.383000 -1.915000 -4.576000 18.629000
-1.021000 -0.020000 -4.206000 17.052000
-1.792000 1.710000 -3.846000 13.931000
-1.262000 2.891000 -3.701000 9.832000
0.235000 3.130000 -2.859000 6.483000
-0.129000 2.735000 -1.718000 3.364000
-0.580000 2.445000 -1.260000 0.654000
-0.016000 2.042000 -0.537000 -1.043000
-0.023000 1.231000 0.648000 -1.894000
-0.179000 0.191000 1.315000 -2.035000
-0.363000 -0.431000 2.117000 -1.580000
-0.390000 -0.552000 3.163000 -0.573000
0.377000 -1.013000 3.587000 0.964000
0.248000 -0.783000 4.694000 2.410000
-0.074000 -0.422000 6.100000 3.766000
-0.052000 -1.471000 7.073000 5.686000
-0.252000 -1.520000 8.627000 7.541000
-1.527000 -0.796000 11.287000 10.203000
-1.652000 -0.978000 13.788000 12.896000
-0.984000 -0.594000 15.348000 14.788000
-0.875000 -0.269000 16.561000 15.859000
0.348000 -0.322000 16.213000 15.340000
1.372000 -1.390000 16.564000 14.675000
1.573000 -2.619000 18.034000 14.418000
1.425000 -2.260000 18.592000 14.232000
1.812000 -2.154000 18.127000 13.084000
2.136000 -3.305000 17.107000 11.244000
0.000000 0.000000 0.000000 0.000000
