0.000000 0.000000 0.000000 0.000000
0.542000 0.542000 -1.729000 -1.729000
0.321000 0.321000 -2.126000 -2.126000
0.494000 0.494000 -2.667000 -2.667000
0.689000 0.689000 -3.742000 -3.742000
0.023000 0.023000 -5.272000 -5.272000
-0.321000 -0.321000 -6.325000 -6.325000
-47.616000 48.386000 -13.753000 -1.203000
-52.827000 47.002000 -21.800000 1.888000
-9.055000 -1.282000 -21.279000 -1.528000
-7.365000 0.894000 -19.756000 -2.610000
-7.696000 1.565000 -19.374000 -3.317000
-7.783000 2.261000 -18.313000 -4.196000
-5.399000 2.915000 -17.111000 -5.490000
-3.031000 2.924000 -15.816000 -6.648000
-5.034000 3.393000 -13.082000 -7.876000
-5.395000 3.850000 -10.404000 -9.600000
-3.318000 4.018000 -8.212000 -11.028000
-2.546000 -0.871000 -5.604000 -8.880000
-1.611000 0.631000 -2.828000 -12.677000
-0.917000 7.410000 0.146000 -20.277000
-0.329000 7.830000 2.914000 -21.324000
0.152000 7.623000 5.588000 -20.629000
0.672000 6.711000 7.467000 -19.381000
0.648000 6.570000 9.051000 -16.701000
1.405000 6.319000 9.746000 -14.096000
2.024000 5.428000 9.555000 -13.111000
3.975000 4.694000 8.662000 -11.550000
3.517000 3.703000 7.857000 -9.527000
0.935000 1.852000 6.643000 -9.012000
1.153000 1.204000 4.531000 -7.369000
0.921000 1.517000 2.870000 -4.381000
0.761000 0.853000 1.228000 -3.349000
1.171000 0.192000 -0.883000 -2.052000
0.901000 0.218000 -2.774000 0.133000
0.320000 0.095000 -4.089000 1.979000
0.387000 -0.384000 -5.786000 3.463000
0.180000 -0.909000 -7.497000 3.960000
-2.153000 -1.076000 -8.010000 5.116000
-3.407000 0.032000 -8.673000 7.700000
-2.661000 0.030000 -9.953000 8.292000
-2.825000 -0.829000 -10.297000 7.333000
-2.588000 -1.977000 -10.356000 6.278000
-2.401000 -1.707000 -10.351000 6.229000
-2.211000 0.748000 -9.783000 6.763000
-1.878000 0.068000 -8.616000 5.351000
-1.947000 -0.814000 -7.429000 3.486000
-1.281000 0.974000 -6.605000 2.863000
-1.050000 1.058000 -5.145000 1.328000
-1.061000 0.919000 -3.648000 -0.413000
-0.466000 1.410000 -2.533000 -1.770000
-0.173000 1.642000 -0.817000 -3.056000
-0.082000 1.525000 0.885000 -4.395000
0.446000 2.400000 2.269000 -4.380000
0.718000 2.950000 3.942000 -4.692000
0.939000 2.099000 5.286000 -6.287000
1.345000 1.629000 6.506000 -6.993000
1.243000 1.126000 7.788000 -7.162000
1.440000 -0.069000 8.363000 -7.746000
1.932000 -0.259000 8.472000 -7.550000
1.922000 0.359000 8.578000 -6.419000
1.899000 0.029000 8.531000 -5.905000
2.894000 -0.028000 7.792000 -4.995000
1.782000 -0.202000 7.283000 -3.939000
-0.658000 -0.381000 6.717000 -2.904000
-0.447000 -0.386000 5.268000 -1.810000
0.028000 -0.329000 3.623000 -0.177000
-0.270000 -0.375000 1.828000 1.478000
-0.108000 -0.454000 0.219000 2.722000
0.074000 -0.703000 -1.455000 3.896000
0.048000 -0.998000 -2.923000 4.928000
0.290000 -0.935000 -4.068000 5.964000
0.395000 -1.259000 -4.983000 6.769000
0.297000 -0.951000 -6.038000 8.482000
-0.060000 -1.174000 -6.850000 9.022000
-2.827000 -2.398000 -6.068000 8.555000
-2.946000 -2.511000 -6.109000 9.772000
-0.604000 -2.896000 -6.620000 10.344000
-0.235000 -4.168000 -6.210000 10.036000
0.139000 -6.327000 -5.740000 8.569000
-0.060000 -6.494000 -4.297000 9.861000
-0.156000 -5.402000 -2.773000 12.838000
0.641000 -6.225000 -1.996000 13.743000
0.774000 -4.856000 -0.411000 14.200000
3.331000 -7.008000 -0.360000 15.305000
3.433000 -9.872000 1.255000 16.647000
0.915000 -7.589000 4.632000 16.464000
2.361000 -6.687000 5.672000 15.478000
3.961000 -6.243000 6.748000 13.569000
5.018000 -2.306000 7.999000 7.348000
5.311000 -2.049000 9.504000 5.067000
5.903000 -4.856000 11.172000 6.990000
6.265000 -3.974000 12.744000 5.728000
5.914000 -3.925000 14.110000 5.191000
6.144000 -3.501000 15.152000 4.347000
5.249000 -2.216000 15.728000 2.971000
3.464000 -1.333000 15.579000 2.107000
44.317000 -44.927000 31.781000 -16.493000
43.092000 -44.372000 27.014000 -14.435000
0.000000 0.000000 0.000000 0.000000
