0.000000 0.000000 0.000000 0.000000
-6.405000 4.831000 -22.868000 -5.021000
-6.160000 4.938000 -22.043000 -4.995000
-6.830000 5.037000 -20.163000 -4.783000
-6.373000 4.670000 -19.129000 -4.488000
-5.714000 4.327000 -17.750000 -4.403000
-5.479000 3.995000 -16.323000 -4.251000
-5.077000 3.645000 -14.806000 -4.595000
-4.338000 3.367000 -13.407000 -4.723000
-3.571000 2.763000 -11.946000 -4.828000
-2.941000 2.343000 -10.076000 -5.221000
-2.444000 2.329000 -8.607000 -5.685000
-2.006000 2.367000 -7.258000 -5.576000
-1.381000 1.842000 -5.653000 -5.469000
-1.003000 1.488000 -3.674000 -6.050000
-0.995000 1.889000 -2.709000 -5.788000
-0.439000 1.374000 -1.127000 -6.428000
-0.108000 0.594000 0.926000 -7.639000
0.068000 7.923000 2.390000 -5.003000
0.200000 8.193000 4.007000 -5.801000
0.373000 0.880000 5.747000 -10.031000
0.918000 -8.185000 7.537000 -15.111000
0.976000 -20.970000 9.250000 -23.187000
0.952000 -0.974000 10.963000 -14.473000
0.729000 11.135000 12.118000 -9.334000
0.564000 -0.516000 13.438000 -15.620000
0.296000 -0.811000 15.060000 -15.144000
0.072000 -0.987000 15.234000 -15.315000
0.123000 -0.665000 14.202000 -13.528000
0.004000 -0.401000 12.423000 -11.050000
0.114000 -0.436000 9.752000 -9.033000
0.560000 -0.373000 6.420000 -6.735000
0.653000 -0.113000 2.160000 -3.846000
0.771000 -0.065000 -1.843000 -0.717000
0.925000 0.159000 -5.071000 2.136000
0.834000 0.318000 -7.656000 5.000000
0.743000 0.740000 -9.412000 7.983000
0.384000 1.501000 -10.773000 10.165000
0.228000 1.895000 -11.301000 11.994000
-0.082000 1.886000 -11.158000 13.416000
-0.247000 1.480000 -10.595000 13.324000
0.005000 1.274000 -9.490000 12.696000
-0.004000 0.737000 -7.922000 11.568000
0.034000 -0.029000 -6.411000 9.644000
-0.031000 -0.543000 -4.184000 7.209000
0.142000 -0.779000 -1.947000 4.224000
0.067000 -1.000000 0.368000 1.241000
-0.215000 -1.423000 3.017000 -1.746000
-0.261000 -0.988000 4.646000 -4.321000
-0.506000 -0.309000 6.952000 -6.280000
-0.616000 -0.511000 8.621000 -7.711000
-0.716000 -0.239000 9.351000 -8.667000
-0.527000 0.367000 9.687000 -8.228000
-0.177000 0.082000 9.812000 -7.743000
-0.243000 0.059000 9.576000 -6.550000
-0.331000 0.092000 8.242000 -4.654000
0.272000 -0.138000 5.998000 -2.806000
0.478000 0.086000 3.963000 -0.477000
0.463000 0.596000 2.155000 1.554000
0.237000 0.304000 -0.040000 3.674000
0.069000 0.462000 -1.619000 5.910000
0.066000 0.708000 -2.796000 6.899000
-0.112000 0.471000 -3.616000 7.137000
-0.145000 0.452000 -3.908000 6.996000
-0.347000 0.111000 -3.941000 5.721000
-0.120000 -0.244000 -3.886000 4.464000
-0.206000 -0.631000 -3.537000 3.389000
-0.206000 -0.693000 -3.011000 2.096000
-0.065000 -1.047000 -2.231000 0.886000
0.255000 -0.949000 -1.806000 0.079000
0.207000 -0.404000 -0.968000 -0.557000
-0.019000 -0.789000 0.254000 -0.872000
0.319000 -0.657000 0.840000 -0.921000
0.232000 -0.509000 1.336000 -1.166000
0.204000 -1.091000 1.498000 -0.997000
0.277000 -1.320000 1.866000 -0.334000
0.283000 -1.396000 2.270000 0.053000
0.608000 -1.499000 2.226000 0.602000
1.341000 -1.886000 2.036000 1.859000
2.355000 -2.650000 1.620000 2.868000
2.911000 -3.377000 1.727000 3.238000
3.347000 -3.633000 1.312000 4.261000
3.906000 -3.663000 1.009000 5.428000
3.767000 -3.682000 1.770000 6.001000
3.781000 -3.982000 2.265000 6.492000
4.475000 -4.993000 2.544000 7.130000
5.397000 -5.402000 2.435000 8.320000
5.861000 -5.280000 2.808000 9.767000
5.677000 -5.550000 3.911000 10.254000
4.950000 -5.328000 4.686000 9.999000
4.977000 -4.707000 4.813000 9.362000
5.488000 -4.457000 4.994000 9.259000
5.163000 -4.010000 5.371000 9.189000
5.417000 -3.028000 5.497000 8.699000
6.022000 -2.446000 5.952000 8.344000
5.466000 -2.166000 6.773000 7.784000
5.091000 -1.737000 7.378000 6.927000
5.304000 -1.546000 8.128000 6.245000
5.249000 -1.343000 8.580000 6.148000
0.000000 0.000000 0.000000 0.000000
