-0.657473 -0.657473 318.355 318.355 394.022 394.022 9.21954 9.21954 9.21954 9.21954
1.89143 1.89143 342.972 342.972 139.184 139.184 9.89949 9.21954 9.89949 9.21954
1.89711 1.89711 342.989 342.989 139.004 139.004 9.89949 9.21954 9.89949 9.21954
-0.711342 -0.711342 317.901 317.901 394.4 394.4 9 9.21954 9 9.21954
1.88855 1.88855 342.896 342.896 138.965 138.965 9.89949 9.21954 9.89949 9.21954
1.8839 1.8839 343 343 138.275 138.275 9.89949 9.21954 9.89949 9.21954
1.8572 1.8572 342.788 342.788 138.149 138.149 9.89949 9.21954 9.89949 9.21954
1.92521 1.92521 342.91 342.91 137.984 137.984 9.89949 9.21954 9.89949 9.21954
1.92521 1.92521 342.91 342.91 137.984 137.984 9.89949 9.21954 9.89949 9.21954
1.86163 1.86163 342.962 342.962 138.019 138.019 9.89949 9.21954 9.89949 9.21954
1.84166 1.84166 342.756 342.756 138.202 138.202 9.89949 9.21954 9.89949 9.21954
1.88154 1.88154 342.943 342.943 138.102 138.102 9.89949 9.21954 9.89949 9.21954
1.91849 1.91849 342.93 342.93 138.029 138.029 9.89949 9.21954 9.89949 9.21954
1.89756 1.89756 343.009 343.009 138.007 138.007 9.89949 9.21954 9.89949 9.21954
1.90369 1.90369 342.903 342.903 138.658 138.658 9.89949 9.21954 9.89949 9.21954
1.88735 1.88735 342.806 342.806 139.187 139.187 9.89949 9.21954 9.89949 9.21954
1.884 1.884 342.89 342.89 139.116 139.116 9.89949 9.21954 9.89949 9.21954
0.660978 0.660978 295.395 295.395 394.803 394.803 9.05539 9.21954 9.05539 9.21954
1.82609 1.82609 343.302 343.302 138.702 138.702 9.89949 9.21954 9.89949 9.21954
0.360669 0.653358 275.801 296.231 394.24 395.485 9.21954 9.21954 9.05539 9.21954
1.81294 1.81294 343.285 343.285 138.592 138.592 9.89949 9.21954 9.89949 9.21954
1.82532 1.82532 343.274 343.274 138.292 138.292 9.89949 9.21954 9.89949 9.21954
1.82692 1.83704 231.769 343.222 327.411 138.145 9.43398 9.21954 9.89949 9.21954
1.87435 1.92647 231.502 342.984 308.703 138.385 10.2956 8.544 9.89949 9.21954
1.77177 1.90772 230.977 342.99 288.621 138.224 10 9.21954 9.89949 9.21954
1.73253 1.94408 230.407 342.794 268.172 138.208 9.43398 9.21954 9.89949 9.21954
1.51701 1.87256 230.255 342.443 250.982 138.439 9.89949 9.21954 9.89949 9.21954
1.48659 1.90323 230.675 342.531 235.729 138.132 9.21954 9.21954 9.89949 9.21954
1.41618 1.85589 231.249 342.326 222.724 138.553 10 9.21954 9.89949 9.21954
1.37199 1.85543 232.149 342.014 211.109 138.669 9.43398 9.21954 9.89949 9.21954
1.33369 1.8454 233.157 342.096 201.503 138.525 9.43398 9.84886 9.89949 9.21954
1.34252 1.83809 234.184 342.128 193.994 138.531 9.43398 9.84886 9.89949 9.21954
1.38202 1.83741 235.107 342.097 188.676 138.556 10 9.21954 9.89949 9.21954
1.39029 1.83338 235.634 342.106 184.866 138.767 10 9.21954 9.89949 9.21954
1.37547 1.81233 236.085 342.132 181.764 138.603 10 9.21954 9.89949 9.21954
1.40576 1.82649 236.193 342.002 179.801 138.771 10 9.21954 9.89949 9.21954
1.42059 1.87146 236.478 342.45 177.317 138.371 10 9.21954 9.89949 9.21954
1.35421 -0.648854 235.92 317.633 175.703 394.179 9.43398 9.84886 9.21954 9.21954
1.27675 1.8909 234.732 342.844 174.181 138.172 9.43398 9.84886 9.89949 9.21954
1.30098 1.86905 233.472 342.841 173.199 138.092 9.43398 9.84886 9.89949 9.21954
1.12332 1.87583 232.189 342.967 172.985 138.195 9.48683 9.21954 9.89949 9.21954
1.13531 -0.729456 230.776 317.63 173.569 394.377 9.84886 9.21954 9.21954 9.21954
1.10773 -0.671952 229.589 317.947 174.228 394.623 9.48683 9.21954 9 9.21954
1.09657 1.7757 229.011 343.282 174.651 137.757 9.48683 9.21954 9.89949 9.21954
1.04595 1.73843 228.653 343.514 174.007 137.875 9.48683 9.21954 9.89949 9.21954
1.10271 1.70975 230.013 343.481 174.002 138.411 9.48683 9.21954 9.89949 9.21954
1.08941 1.69983 231.388 343.613 174.101 138.626 9.48683 9.21954 9.89949 9.21954
1.13998 1.86477 232.69 344.307 173.391 137.391 9.84886 9.21954 9.89949 9.21954
1.17571 1.83642 234.54 344.626 173.87 136.916 9.84886 9.21954 9.89949 9.21954
1.17358 1.90438 235.607 344.53 174.909 138.307 9.84886 9.21954 9.89949 9.21954
1.16704 1.8797 236.095 344.714 175.766 138.095 9.84886 9.21954 9.89949 9.21954
1.22265 1.86228 236.498 344.822 176.823 138.183 9.84886 9.21954 9.89949 9.21954
1.21946 1.87136 236.298 344.887 177.284 138.051 9.84886 9.21954 9.89949 9.21954
1.205 1.87024 235.869 344.811 177.356 138.365 10.2956 9.21954 9.89949 9.21954
1.16996 -0.249244 234.536 319.191 177.599 395.112 9.84886 9.21954 9.21954 9.21954
1.14384 -0.294843 233.181 319.013 178.18 394.867 9.84886 9.84886 9.21954 9.21954
1.10107 1.89981 230.627 344.921 178.584 138.374 9.48683 9.21954 9.89949 9.21954
0.980659 1.88722 228.436 344.933 179.822 138.11 9.21954 9.21954 9.89949 9.21954
0.977941 1.88657 226.854 344.898 181.358 138.154 9.21954 9.21954 9.89949 9.21954
1.01044 1.87121 225.868 344.887 182.639 138.284 9.48683 9.21954 9.89949 9.21954
0.980416 1.88722 225.774 344.933 184.007 138.11 9.21954 9.21954 9.89949 9.21954
1.06847 1.88657 225.374 344.898 184.268 138.154 9.48683 9.21954 9.89949 9.21954
1.06796 1.8856 225.161 344.95 184.074 138.26 9.48683 9.21954 9.89949 9.21954
1.05953 1.8856 225.323 344.95 183.608 138.26 9.48683 9.21954 9.89949 9.21954
1.04412 1.90557 225.449 345 183.449 138.143 9.48683 9.21954 9.89949 9.21954
1.03006 1.93008 225.22 344.662 182.885 138.559 9.48683 9.21954 9.89949 9.21954
1.06588 1.92934 224.771 344.459 182.459 138.476 9.48683 9.21954 9.89949 9.21954
1.04657 1.89018 224.348 344.19 182.58 138.763 9.48683 9.21954 9.89949 9.21954
1.04559 -0.278652 223.768 320.077 182.589 394.531 9.48683 9.21954 9.21954 9.21954
1.02236 1.79706 223.187 344.038 182.903 138.559 9.21954 9.21954 9.89949 9.21954
1.05495 -0.699682 223.114 317.6 183.745 394.454 9.48683 9 9.21954 9.21954
1.0562 -0.723281 222.705 317.789 183.887 394.77 9.48683 9.21954 9.21954 9.21954
1.06688 1.78142 222.347 343.463 184.233 138.762 9.48683 9.21954 9.89949 9.21954
1.03876 1.77414 222.197 343.441 184.912 138.631 9.48683 9.21954 9.89949 9.21954
1.07813 1.79005 221.997 343.312 185.395 138.838 9.48683 9.21954 9.89949 9.21954
1.07332 1.78399 221.72 343.352 185.714 138.577 9.48683 9.21954 9.89949 9.21954
1.05803 1.82176 221.533 343.228 186.015 138.732 9.48683 9 9.89949 9.21954
1.03682 1.79722 221.391 343.012 186.5 138.845 9.21954 9.21954 9.89949 9.21954
1.06891 1.87434 221.266 343.052 187.152 138.789 9.48683 9.21954 9.89949 9.21954
1.08179 1.87889 221.048 342.99 187.795 138.819 9.48683 9.21954 9.89949 9.21954
1.05681 1.88386 220.841 343.067 188.565 138.119 9.48683 9.21954 9.89949 9.21954
1.10216 -0.678998 220.661 318.121 189.508 394.625 9.48683 9.21954 9.21954 9.21954
1.08924 -0.326221 220.575 318.812 190.857 394.972 9.48683 9.21954 9.21954 9.21954
1.0905 1.87435 220.462 342.826 192.516 138.598 9.48683 9.21954 9.89949 9.21954
1.10389 1.85956 220.401 343.069 194.451 137.931 9.48683 9.21954 9.89949 9.21954
1.13985 1.88568 220.549 342.971 197.257 138.082 9.84886 9.21954 9.89949 9.21954
1.17934 1.88245 220.641 343.086 200.033 138.09 9.84886 9.21954 9.89949 9.21954
1.1911 1.88944 220.921 343.052 203.345 138.219 9.84886 9.21954 9.89949 9.21954
1.18857 1.88256 221.142 343.114 207.186 138.205 9.84886 9.21954 9.89949 9.21954
1.21462 1.871 221.574 343.259 211.61 138.153 9.84886 9.21954 9.89949 9.21954
1.26449 1.82875 221.567 343.302 216.44 138.18 9.43398 9.84886 9.89949 9.21954
1.27573 1.87976 221.698 343.333 222.334 138.602 9.43398 9.84886 9.89949 9.21954
1.24479 1.76945 221.938 343.288 230.05 138.679 9.43398 9.84886 9.89949 9.21954
1.25245 1.75898 221.788 343.387 238.636 138.579 10.2956 9.84886 9.89949 9.21954
1.23402 1.77115 221.883 343.406 248.651 138.52 9.84886 9.84886 9.89949 9.21954
1.12477 1.7423 222.034 343.549 259.907 138.43 9.84886 9.21954 9.89949 9.21954
0.924046 -0.252966 221.837 321.39 272.206 394.355 9.05539 9.05539 9.21954 9.21954
0.548661 -0.673436 221.591 317.936 286.215 394.338 9.21954 8.24621 9.21954 9.21954
-0.19881 1.8105 221.556 343.93 300.961 138.673 9.21954 8.94427 9.89949 9.21954
-0.197613 1.85703 222.155 344.178 316.06 138.515 9.21954 8.48528 9.89949 9.21954
