0.000000 0.000000 0.000000 0.000000
-0.414000 -0.414000 -0.051000 -0.051000
-0.432000 -0.432000 -0.151000 -0.151000
-0.219000 -0.219000 -0.546000 -0.546000
-0.797000 -0.797000 -0.839000 -0.839000
-0.798000 -0.798000 -1.292000 -1.292000
-0.905000 -0.905000 -2.268000 -2.268000
-1.735000 -1.735000 -2.251000 -2.251000
-2.353000 -2.353000 -1.614000 -1.614000
-50.226000 49.065000 -5.791000 0.117000
-52.460000 49.885000 -10.978000 1.298000
-7.363000 -2.158000 -14.118000 2.020000
-8.545000 -2.087000 -18.818000 2.419000
-9.971000 -0.510000 -22.888000 0.938000
-11.329000 -0.271000 -26.079000 0.609000
-12.849000 -0.234000 -27.238000 0.670000
-15.547000 -0.397000 -23.317000 0.625000
-11.377000 -0.335000 -18.452000 0.367000
-4.270000 -0.112000 -15.427000 0.091000
-2.746000 -0.039000 -13.466000 -0.008000
-1.644000 0.342000 -15.993000 -0.437000
-1.302000 0.016000 -18.902000 -0.116000
-0.972000 -0.007000 -17.136000 -0.163000
-0.320000 0.269000 -13.656000 -0.279000
0.075000 0.026000 -12.141000 0.068000
0.217000 -0.304000 -10.995000 0.288000
0.264000 -0.030000 -9.276000 -0.029000
0.383000 0.354000 -8.049000 -0.411000
0.411000 0.200000 -5.629000 -0.161000
0.564000 -0.036000 -3.641000 0.092000
0.797000 -0.369000 -1.722000 0.371000
0.954000 0.107000 0.473000 -0.023000
0.420000 0.360000 1.709000 -0.348000
-0.497000 -0.110000 2.596000 0.080000
-1.168000 -0.138000 0.796000 0.224000
-1.575000 -0.124000 1.023000 0.053000
-1.170000 -0.132000 2.325000 0.104000
-0.256000 0.163000 0.991000 -0.154000
0.378000 0.182000 0.057000 -0.166000
0.525000 -0.144000 -1.055000 0.167000
0.405000 -0.005000 -1.837000 -0.047000
0.272000 0.151000 -2.047000 -0.172000
0.275000 0.101000 -2.034000 -0.087000
0.258000 0.105000 -3.391000 -0.056000
0.242000 0.073000 -3.921000 -0.042000
0.275000 -0.121000 -0.685000 0.185000
-0.008000 -0.061000 -0.847000 0.129000
-0.486000 0.104000 -1.957000 -0.183000
-0.594000 -0.060000 -0.140000 -0.037000
-0.681000 -0.280000 -0.578000 0.286000
-0.807000 -0.185000 -1.638000 0.058000
-0.996000 -0.050000 -0.717000 -0.131000
-1.050000 -0.131000 1.972000 0.099000
-0.575000 0.036000 1.563000 -0.106000
-0.008000 0.018000 0.423000 0.003000
0.211000 0.034000 1.115000 0.045000
0.008000 0.067000 2.022000 -0.166000
0.048000 -0.090000 1.765000 0.072000
0.037000 0.068000 1.030000 0.019000
0.168000 0.203000 0.647000 -0.223000
0.248000 -0.008000 0.425000 0.027000
0.164000 -0.009000 0.622000 0.068000
0.155000 0.060000 1.107000 -0.023000
0.079000 0.140000 1.553000 0.017000
0.200000 0.185000 1.457000 -0.172000
0.339000 -0.168000 1.662000 0.188000
0.585000 -0.200000 2.405000 0.298000
1.036000 0.073000 3.201000 0.038000
1.585000 0.163000 4.008000 -0.085000
2.336000 0.039000 4.916000 0.009000
3.616000 -0.352000 4.714000 0.383000
122.696000 -0.109000 -50.250000 0.058000
120.727000 0.319000 -52.113000 -0.281000
-109.518000 0.032000 66.982000 0.000000
-104.978000 0.091000 73.789000 -0.040000
9.859000 0.567000 15.937000 -0.361000
10.463000 0.301000 19.724000 -0.115000
9.566000 0.196000 23.342000 -0.043000
7.974000 0.339000 25.081000 -0.038000
6.764000 0.235000 24.995000 0.243000
5.690000 0.239000 23.693000 0.233000
4.900000 0.620000 21.705000 -0.186000
4.041000 0.680000 19.154000 -0.409000
47.867000 -48.945000 30.519000 -15.818000
46.864000 -48.244000 24.288000 -13.079000
1.552000 1.552000 5.173000 5.173000
2.026000 2.026000 5.076000 5.076000
2.474000 2.474000 4.939000 4.939000
2.131000 2.131000 4.018000 4.018000
1.658000 1.658000 2.881000 2.881000
1.348000 1.348000 2.345000 2.345000
1.171000 1.171000 1.966000 1.966000
0.614000 0.614000 2.173000 2.173000
0.565000 0.565000 2.697000 2.697000
0.125000 0.125000 2.010000 2.010000
-0.993000 -0.993000 0.819000 0.819000
-0.923000 -0.923000 0.318000 0.318000
-0.045000 -0.045000 -0.237000 -0.237000
0.031000 0.031000 -0.498000 -0.498000
0.000000 0.000000 0.000000 0.000000
