0.000000 0.000000 0.000000 0.000000
24.634000 24.634000 -255.018000 -255.018000
-25.071000 -25.071000 255.216000 255.216000
-0.093000 -0.093000 -0.039000 -0.039000
25.099000 25.099000 -256.125000 -256.125000
-0.108000 -0.108000 -0.816000 -0.816000
-0.090000 -0.090000 -0.291000 -0.291000
0.122000 0.122000 -0.165000 -0.165000
0.052000 0.052000 0.035000 0.035000
-0.154000 -0.154000 0.218000 0.218000
-0.019000 -0.019000 0.083000 0.083000
0.174000 0.174000 -0.173000 -0.173000
0.066000 0.066000 -0.095000 -0.095000
-0.027000 -0.027000 0.629000 0.629000
-0.203000 -0.203000 1.180000 1.180000
-0.013000 -0.013000 0.458000 0.458000
-47.411000 -47.411000 255.616000 255.616000
0.412000 0.412000 -0.414000 -0.414000
-19.594000 0.836000 -0.563000 0.682000
-0.017000 -0.017000 -0.110000 -0.110000
67.473000 47.043000 -255.948000 -257.193000
-111.516000 -0.063000 188.819000 -0.447000
-111.772000 -0.290000 170.411000 0.093000
-0.792000 -0.232000 -38.790000 0.079000
-1.095000 -0.190000 -40.531000 -0.177000
-0.722000 -0.547000 -37.639000 0.215000
0.268000 -0.263000 -32.443000 -0.076000
0.994000 -0.117000 -28.258000 0.114000
1.474000 -0.517000 -24.620000 0.537000
1.908000 -0.230000 -21.221000 -0.028000
2.035000 0.114000 -17.115000 -0.138000
1.950000 0.001000 -12.827000 0.031000
1.450000 -0.022000 -9.128000 0.236000
0.978000 0.035000 -6.912000 0.047000
0.559000 -0.104000 -5.065000 0.004000
0.393000 0.318000 -4.447000 -0.232000
-0.273000 -24.369000 -4.098000 255.408000
-1.746000 0.394000 -3.136000 -0.199000
-2.448000 25.208000 -2.504000 -256.087000
-2.543000 0.123000 -1.196000 0.023000
-2.696000 -25.211000 0.370000 256.285000
-2.600000 -25.020000 1.243000 256.428000
-1.765000 25.652000 1.082000 -256.620000
-0.936000 25.567000 -0.221000 -256.748000
1.002000 0.199000 -0.649000 0.654000
2.735000 0.099000 0.094000 0.751000
2.677000 0.826000 -0.611000 -1.020000
3.152000 1.013000 -0.231000 -1.710000
2.917000 0.223000 1.518000 0.916000
1.555000 0.088000 1.896000 1.179000
0.891000 0.292000 1.914000 -0.124000
0.203000 0.173000 1.518000 -0.044000
-0.629000 -0.011000 0.533000 0.182000
-1.762000 -25.696000 0.315000 257.061000
-2.688000 -25.798000 0.824000 256.502000
-3.909000 25.730000 0.985000 -256.738000
-4.745000 25.920000 1.642000 -256.757000
-3.773000 -0.023000 2.774000 -0.220000
-2.568000 -0.046000 2.817000 0.174000
-1.080000 0.035000 2.649000 -0.044000
-0.494000 0.011000 1.629000 -0.130000
-0.613000 0.017000 0.067000 0.150000
-0.051000 0.052000 -0.660000 0.106000
0.288000 0.050000 -0.625000 -0.117000
-0.103000 -0.288000 -0.723000 0.299000
-0.678000 -0.541000 -0.990000 0.333000
-0.872000 -0.472000 -0.305000 0.204000
-1.003000 -24.382000 0.130000 256.055000
-1.161000 -0.152000 0.323000 -0.204000
-0.654000 -2.477000 1.156000 -0.077000
-0.482000 -26.249000 0.984000 256.211000
-0.767000 25.863000 0.488000 -255.692000
-0.508000 25.652000 1.025000 -256.139000
-0.350000 -0.151000 1.162000 0.076000
-0.477000 -0.089000 0.802000 -0.054000
-0.464000 -0.084000 0.620000 -0.106000
-0.329000 -0.340000 0.786000 0.268000
-0.267000 -0.176000 1.137000 0.057000
-0.343000 -0.022000 1.295000 -0.026000
-0.425000 0.015000 1.413000 -0.670000
-0.387000 -24.869000 1.713000 255.806000
-0.266000 -24.255000 2.292000 256.853000
-0.199000 24.705000 3.008000 -256.027000
-0.174000 24.257000 3.594000 -257.041000
0.087000 0.145000 4.741000 -0.516000
0.240000 0.017000 5.582000 0.159000
0.372000 0.081000 6.088000 0.137000
0.501000 0.028000 7.153000 0.115000
0.653000 0.207000 8.265000 -0.066000
0.425000 0.188000 9.254000 -0.025000
0.124000 0.074000 10.724000 0.449000
0.371000 -0.014000 13.610000 0.499000
0.090000 0.054000 16.302000 -0.023000
-0.055000 0.118000 18.601000 -0.159000
0.246000 0.162000 21.271000 -0.149000
-0.046000 -22.016000 23.555000 255.835000
-0.443000 -25.613000 26.308000 255.908000
-0.281000 22.540000 28.755000 -255.682000
0.564000 26.242000 29.845000 -255.823000
0.000000 0.000000 0.000000 0.000000
