0.000000 0.000000 0.000000 0.000000
0.000000 -0.243000 0.000000 -0.746000
288.667000 0.002000 233.333000 -1.538000
289.000000 -0.133000 233.833000 -1.831000
0.000000 -0.064000 0.000000 -2.808000
0.000000 -0.221000 0.000000 -3.994000
0.333000 0.263000 0.308000 -6.080000
-1.831000 17.371000 127.662000 10.572000
-3.805000 16.147000 115.773000 14.939000
-4.297000 -0.902000 -25.485000 0.533000
-4.817000 -0.775000 -28.048000 0.220000
-5.556000 -0.798000 -29.824000 0.080000
-7.237000 -0.427000 -28.142000 -0.142000
-6.920000 -0.263000 -25.112000 0.009000
-5.393000 -0.448000 -22.151000 0.128000
-4.813000 -0.257000 -20.016000 -0.067000
-4.158000 0.059000 -19.136000 -0.087000
-3.887000 0.327000 -17.091000 -0.078000
-3.411000 0.307000 -14.693000 -0.109000
-3.187000 0.160000 -11.879000 -0.276000
-2.705000 0.153000 -9.455000 -0.302000
-1.840000 -0.069000 -6.713000 -0.128000
-1.277000 -0.088000 -3.773000 0.017000
-0.613000 0.040000 -2.117000 -0.027000
0.078000 0.093000 -0.527000 -0.053000
0.613000 0.163000 0.506000 0.001000
0.830000 0.182000 1.160000 0.079000
0.532000 0.019000 1.730000 0.136000
0.077000 -0.055000 1.748000 0.081000
-0.558000 -0.242000 1.606000 0.128000
-1.515000 -0.464000 1.485000 0.132000
-2.197000 -0.252000 2.582000 0.028000
-2.866000 -0.073000 2.931000 0.123000
-3.583000 0.035000 3.001000 0.125000
-3.746000 -0.005000 3.897000 0.089000
-3.288000 0.010000 3.622000 0.020000
-1.740000 0.041000 3.080000 -0.077000
-0.085000 -0.079000 1.672000 -0.105000
1.241000 0.073000 -0.484000 -0.082000
2.244000 0.199000 -1.862000 -0.046000
2.578000 0.065000 -2.330000 -0.035000
2.561000 0.072000 -1.765000 -0.028000
2.448000 0.084000 -1.265000 0.006000
2.360000 -0.086000 -0.289000 0.154000
2.123000 -0.090000 0.894000 0.162000
1.682000 -0.209000 0.881000 0.050000
1.426000 -0.479000 1.088000 0.037000
1.000000 -0.323000 1.194000 0.027000
-0.235000 -0.170000 0.315000 0.009000
-1.213000 -0.295000 0.157000 0.062000
-2.132000 -0.203000 0.694000 0.034000
-3.177000 -0.064000 1.284000 0.003000
-4.008000 0.243000 2.147000 -0.075000
-4.107000 0.296000 2.836000 -0.115000
-3.618000 0.243000 3.222000 -0.038000
-2.377000 0.252000 3.157000 0.012000
-1.031000 0.092000 2.564000 -0.088000
-0.068000 0.031000 1.623000 -0.060000
1.128000 -0.029000 0.589000 0.008000
1.820000 0.097000 -0.082000 0.027000
1.697000 0.254000 -0.237000 0.052000
1.433000 0.023000 -0.483000 -0.004000
1.031000 -0.129000 -0.058000 0.072000
0.373000 -0.050000 0.375000 0.128000
-0.146000 -0.123000 -0.105000 0.035000
-0.029000 -0.110000 0.046000 -0.050000
0.082000 -0.077000 0.306000 -0.004000
0.210000 -0.011000 0.259000 -0.018000
0.621000 -0.036000 0.234000 -0.037000
0.663000 -0.068000 0.188000 -0.015000
0.609000 0.180000 0.341000 0.006000
0.775000 0.204000 0.543000 -0.042000
1.260000 0.075000 0.475000 -0.078000
1.573000 0.037000 0.218000 -0.016000
1.931000 0.021000 0.881000 -0.007000
2.571000 -0.057000 1.669000 0.016000
3.276000 -0.081000 1.736000 -0.009000
3.961000 -0.243000 2.469000 0.049000
4.162000 -0.236000 3.202000 0.053000
4.312000 -0.044000 3.664000 0.022000
4.999000 0.012000 4.707000 -0.023000
5.298000 -0.010000 5.506000 -0.026000
5.358000 -0.126000 6.116000 0.082000
5.630000 -0.051000 6.997000 -0.035000
-272.115000 0.134000 -262.822000 -0.020000
5.830000 0.176000 8.981000 0.053000
283.713000 0.014000 280.476000 -0.031000
5.618000 -0.077000 10.268000 -0.039000
5.023000 -0.010000 10.973000 0.020000
4.555000 0.075000 11.714000 0.000000
4.248000 0.071000 12.275000 -0.146000
3.975000 -0.029000 12.573000 -0.108000
3.572000 -0.125000 13.171000 0.059000
3.032000 -0.057000 13.931000 0.038000
2.951000 0.004000 13.855000 -0.023000
2.618000 -0.083000 13.799000 0.037000
2.374000 0.016000 13.757000 -0.040000
2.067000 0.008000 13.355000 0.002000
2.096000 -0.057000 12.568000 0.021000
0.000000 0.000000 0.000000 0.000000
