0 0.053049 0 307.242 0 397.911 9.21954 9.21954 8.60233 8.48528
0 0.0894581 0 307.082 0 397.764 9.21954 9.21954 8.60233 8.48528
0 0.120631 0 306.999 0 397.165 9.21954 9.21954 9.43398 8.06226
0.785398 0.200482 288.667 307.084 233.333 396.226 9.21954 9.21954 9.43398 8.06226
0.733502 0.256265 289 306.866 233.833 395.334 9.21954 9.21954 8.94427 8.06226
0.785398 0.298224 288.667 307.02 233.333 393.418 9.21954 9.21954 8.94427 8.06226
0.733502 0.458765 289 306.645 233.833 391.34 9.21954 9.21954 9.21954 8.544
0.648894 0.593181 289 307.283 233.641 387.338 9.21954 9.21954 9.05539 8.06226
0.732273 -0.452948 287.169 324.016 361.495 401.912 9.05539 9 8.94427 8.24621
0.988334 -0.433741 285.195 323.43 349.414 402.277 9.21954 9 8.94427 8.24621
1.60902 -0.399529 282.872 323.114 336.01 402.445 9.89949 9.21954 8.94427 8.24621
2.01949 -0.494481 280.378 322.655 321.366 402.497 9.21954 8.544 8.544 8.24621
2.17145 -0.392223 277.316 322.316 306.186 402.525 9.21954 9 8.94427 8.24621
2.04788 -0.440632 273.141 322.228 293.224 402.355 9.48683 9 8.544 8.24621
1.92178 -0.408767 270.396 322.053 281.074 402.534 9.84886 9.21954 8.94427 8.24621
1.80178 -0.411021 267.748 321.78 271.073 402.483 9.43398 9.21954 8.94427 8.24621
1.75763 -0.405473 265.583 321.796 261.058 402.467 9.43398 9.21954 8.94427 8.24621
1.69262 -0.386637 263.59 321.839 251.937 402.396 9.21954 9.21954 8.94427 8.24621
1.60166 -0.402308 261.696 322.123 243.967 402.389 9.89949 9.21954 8.94427 8.24621
1.57914 -0.421093 260.179 322.146 237.244 402.287 9.89949 9.21954 8.94427 8.24621
1.49133 -0.469518 258.509 322.283 232.088 402.113 9.21954 9.21954 8.94427 8.24621
1.47627 -0.501033 257.474 322.299 227.789 401.985 9.21954 9.21954 8.544 8.24621
1.4105 -0.449046 256.669 322.214 225.375 401.985 9.43398 9.21954 8.94427 8.24621
1.42183 -0.414678 256.197 322.211 224.016 402.002 9.43398 9.21954 8.94427 8.24621
1.42739 -0.409292 256.056 322.254 223.258 401.958 10 9.21954 8.94427 8.24621
1.34082 -0.399113 256.275 322.304 223.489 401.949 9.43398 9.21954 8.94427 8.24621
1.35209 -0.391696 256.669 322.417 223.764 401.959 9.43398 9.21954 8.94427 8.24621
1.39204 -0.445221 257.105 322.486 224.649 402.028 10 9.21954 8.94427 8.24621
1.52185 -0.459146 257.201 322.436 225.494 402.095 9.89949 9.21954 8.94427 8.24621
1.48335 -0.436835 257.182 322.431 226.397 402.109 10 9.21954 8.544 8.24621
1.3596 -0.464969 256.643 322.194 227.1 402.223 9.43398 9.84886 8.544 8.24621
1.34035 -0.402141 255.667 321.967 227.882 402.241 9.43398 9.84886 8.94427 8.24621
1.22448 -0.405125 254.446 321.942 229.682 402.251 10.2956 9.21954 8.94427 8.24621
1.17362 -0.353089 252.801 321.894 230.813 402.364 9.84886 9.21954 8.94427 8.24621
1.11031 -0.359951 250.863 321.977 232.683 402.376 9.84886 9.21954 9.43398 8.24621
1.0547 -0.403722 249.055 321.889 234.71 402.453 9.48683 9.21954 8.94427 8.24621
1.07371 -0.422691 247.575 321.987 236.305 402.396 9.48683 9.21954 8.94427 8.24621
1.05993 -0.437327 247.315 321.93 237.79 402.376 9.48683 9.21954 8.94427 8.24621
1.0675 -0.397029 247.49 321.908 237.977 402.291 9.48683 9.21954 8.94427 8.24621
1.1513 -0.367207 248.556 322.003 237.306 402.294 9.84886 9.21954 8.94427 8.24621
1.19613 -0.432555 249.734 322.107 236.115 402.245 9.84886 9.21954 8.544 8.24621
1.17445 -0.441798 251.134 322.068 234.976 402.259 9.84886 9.21954 8.544 8.24621
1.20697 -0.406441 252.295 322.179 234.35 402.217 9.84886 9.21954 8.94427 8.24621
1.28995 -0.428355 253.582 322.152 233.711 402.265 9.43398 9.21954 8.94427 8.24621
1.30394 -0.38803 254.655 322.093 234.061 402.371 9.43398 9.21954 8.544 8.24621
1.37663 -0.390563 255.705 322.062 234.605 402.427 9.43398 9.21954 8.544 8.24621
1.42524 -0.349355 256.337 321.884 234.942 402.421 9.21954 9.21954 8.94427 8.24621
1.51905 -0.368431 257.131 321.583 235.693 402.464 9.21954 9.21954 8.94427 8.24621
1.59059 -0.354983 257.337 321.561 236.136 402.448 9.89949 9.21954 8.94427 8.24621
1.49658 -0.379088 256.896 321.413 236.008 402.473 9.21954 9.21954 8.94427 8.24621
1.46447 -0.394587 256.124 321.266 236.293 402.51 9.21954 9.21954 8.94427 8.24621
1.37819 -0.388481 254.764 321.21 236.702 402.507 9.43398 9.21954 8.94427 8.24621
1.28485 -0.406651 252.947 321.202 237.577 402.513 9.43398 9.84886 8.94427 8.24621
1.2206 -0.420447 250.756 321.453 238.849 402.432 9.84886 9.21954 8.94427 8.24621
1.18959 -0.420016 248.84 321.498 240.413 402.398 9.84886 9.84886 8.94427 8.24621
1.07445 -0.421352 247.138 321.696 242.071 402.394 9.48683 9.21954 8.94427 8.24621
1.12344 -0.424504 246.463 321.75 243.57 402.41 9.84886 9.21954 8.94427 8.24621
1.11456 -0.437367 246.107 321.788 244.635 402.306 9.48683 9.84886 8.94427 8.24621
1.06245 -0.393158 246.395 321.781 245.193 402.35 9.48683 9.21954 8.94427 8.24621
1.05592 -0.415992 247.235 321.759 245.224 402.314 9.48683 9.21954 8.94427 8.24621
1.10574 -0.419258 248.215 321.878 245.111 402.377 9.48683 9.21954 8.94427 8.24621
1.13988 -0.401647 248.932 322.013 244.987 402.366 9.84886 9.21954 8.94427 8.24621
1.13898 -0.387179 249.648 321.901 244.628 402.373 9.84886 9.84886 8.94427 8.24621
1.13012 -0.370115 249.963 321.884 244.929 402.438 9.84886 9.84886 8.94427 8.24621
1.17402 -0.368765 250.021 321.851 245.003 402.501 9.84886 9.84886 8.94427 8.24621
1.14281 -0.344119 249.817 321.761 244.824 402.473 9.84886 9.21954 8.94427 8.24621
1.18434 -0.365185 249.992 321.741 245.049 402.451 9.84886 9.21954 8.94427 8.24621
1.17323 -0.374709 249.899 321.684 245.13 402.469 9.84886 9.84886 8.94427 8.24621
1.17033 -0.374193 250.202 321.73 245.308 402.433 9.84886 9.84886 8.94427 8.24621
1.17715 -0.415758 250.52 321.648 245.364 402.432 9.84886 9.84886 8.94427 8.24621
1.19853 -0.40756 250.865 321.662 245.496 402.418 9.84886 9.84886 8.94427 8.24621
1.19926 -0.428074 251.129 321.828 245.705 402.438 9.84886 9.84886 8.94427 8.24621
1.23981 -0.387661 251.64 321.866 246.039 402.376 9.43398 9.21954 8.94427 8.24621
1.22127 -0.388339 252.389 321.903 246.18 402.36 9.84886 9.21954 8.94427 8.24621
1.24362 -0.388339 253.213 321.903 246.257 402.36 9.84886 9.84886 8.94427 8.24621
1.26507 -0.388161 254.32 321.924 247.061 402.353 9.43398 9.21954 8.94427 8.24621
1.2796 -0.399386 255.784 321.846 247.926 402.376 9.43398 9.21954 8.94427 8.24621
1.33881 -0.421328 257.596 321.843 248.797 402.344 9.43398 9.21954 8.94427 8.24621
1.4041 -0.414721 259.745 321.603 250.395 402.425 10 9.21954 8.94427 8.24621
1.46831 -0.394446 261.758 321.607 251.999 402.397 9.21954 9.21954 8.94427 8.24621
1.49159 -0.373137 264.057 321.559 254.059 402.447 9.21954 9.21954 8.94427 8.24621
1.58568 -0.385579 266.757 321.619 256.706 402.374 9.89949 9.21954 8.94427 8.24621
1.67434 -0.421138 269.355 321.549 259.565 402.421 9.21954 9.21954 8.544 8.24621
1.66019 -0.415905 272.115 321.493 262.822 402.456 9.21954 9.21954 8.94427 8.24621
1.74695 -0.406886 274.985 321.498 266.562 402.386 10 9.21954 8.94427 8.24621
0 -0.424445 0 321.627 0 402.436 9.21954 9.21954 8.94427 8.24621
1.90872 -0.387418 280.815 321.674 275.543 402.439 9.84886 8.544 8.94427 8.24621
2.0657 -0.415901 283.713 321.641 280.476 402.405 9.48683 8.544 8.544 8.24621
2.11048 -0.38344 286.433 321.597 285.811 402.4 9.48683 8.544 8.94427 8.24621
2.15286 -0.396738 288.736 321.631 291.449 402.425 9.21954 8.544 8.94427 8.24621
2.23502 -0.360994 290.988 321.672 297.525 402.4 9.21954 8.544 8.94427 8.24621
2.2442 -0.404593 292.984 321.702 303.724 402.279 9.21954 8.544 8.94427 8.24621
2.27702 -0.409239 294.963 321.643 310.098 402.292 9.05539 9 8.94427 8.24621
-0.754967 -0.41077 296.556 321.577 316.895 402.338 8.06226 9 8.94427 8.24621
-0.701083 -0.418406 297.995 321.586 324.029 402.33 8.06226 9 8.94427 8.24621
-0.709289 -0.397699 299.507 321.581 330.75 402.315 8.06226 9 8.94427 8.24621
-0.67228 -0.430182 300.613 321.503 337.828 402.367 8.06226 9 8.94427 8.24621
-0.598908 -0.451715 301.881 321.597 344.507 402.275 8.24621 9 8.544 8.24621
-0.587076 -0.403768 302.68 321.511 351.183 402.369 8.24621 9 8.94427 8.24621
-0.49247 -0.429413 303.977 321.54 357.075 402.296 8.544 9 8.94427 8.24621
