-0.181232 -0.181232 334.553 334.553 382.556 382.556 9.21954 8.60233 9.21954 8.60233
-0.201269 -0.201269 334.546 334.546 382.493 382.493 8.60233 8.06226 8.60233 8.06226
-0.254042 -0.254042 334.139 334.139 382.505 382.505 8.60233 8.06226 8.60233 8.06226
-0.145227 -0.145227 334.114 334.114 382.342 382.342 9.21954 8.60233 9.21954 8.60233
-0.0958402 -0.0958402 333.92 333.92 381.959 381.959 8.48528 7.81025 8.48528 7.81025
-0.146065 -0.146065 333.317 333.317 381.503 381.503 9.21954 8.60233 9.21954 8.60233
-0.137535 -0.137535 333.122 333.122 380.667 380.667 9.21954 8.60233 9.21954 8.60233
-0.0825501 -0.0825501 332.412 332.412 379.235 379.235 8.48528 7.81025 8.48528 7.81025
-0.00582772 -0.00582772 331.387 331.387 378.416 378.416 9.21954 8.48528 9.21954 8.48528
-0.0581218 -0.0581218 330.059 330.059 377.621 377.621 8.48528 7.81025 8.48528 7.81025
0.700019 2.22247 281.161 380.452 372.625 378.533 9 8.06226 9.21954 8.24621
0.785532 2.28846 277.599 379.944 366.643 378.919 9.05539 9 9.05539 9
0.736414 2.27839 273.798 378.294 358.507 380.553 9 8 9.05539 8.24621
0.71479 2.31273 269.054 377.857 347.825 381.338 9 9 9.05539 9
0.454824 2.27412 263.827 377.784 335.619 381.491 9.21954 8.24621 9.05539 8.24621
0.07828 2.2832 257.725 377.586 321.746 381.947 8.60233 8.48528 9.05539 8.24621
-0.584607 2.28517 250.978 377.55 308.381 382.161 8.24621 8.06226 9.05539 9
2.1755 2.30312 242.178 377.189 298.429 382.572 9.21954 8.544 9.05539 8.24621
1.98177 2.29743 239.601 377.215 289.929 382.528 9.84886 9 9.05539 8.24621
1.84926 2.30639 237.908 377.077 283.002 382.663 9.43398 9.21954 9.05539 9
1.71794 2.2863 236.855 377.176 276.463 382.52 10 9.21954 9.05539 9
1.6413 2.31015 236.264 377.419 267.009 382.226 9.21954 9.21954 9.05539 9
1.60278 2.30914 235.553 377.192 257.561 382.404 9.89949 9.21954 9.05539 9
1.55585 2.29946 235.292 377.412 249.873 382.063 9.89949 9.21954 9.05539 9
1.53702 2.31869 235.233 377.461 243.905 382.125 9.89949 9.21954 9.05539 9
1.52872 2.3045 235.367 377.438 237.732 382.131 9.89949 9.21954 9.05539 9
1.52181 2.29883 235.45 377.157 232.91 382.413 9.89949 9.21954 9.05539 8.24621
1.49638 2.29756 235.631 377.408 228.456 382.102 9.21954 9.21954 9.05539 8.24621
1.53055 2.31461 235.833 377.511 224.861 382.002 9.89949 9.21954 9.05539 9
1.5086 2.32209 236.042 377.608 222.827 381.941 9.21954 9.21954 9.05539 9
1.50187 2.29813 236.397 377.475 221.22 382.094 9.21954 9.21954 9.05539 9
1.5235 2.30774 236.839 377.239 221.105 382.312 9.89949 9.21954 9.05539 8.24621
1.5101 2.3082 237.351 377.582 221.693 382.071 9.21954 9.21954 9.05539 9
1.54325 2.29455 237.259 377.599 222.814 381.964 9.89949 9.21954 9.05539 9
1.53702 2.2964 236.854 377.472 224.289 382.151 9.89949 9.21954 9.05539 8.24621
1.567 2.27897 236.091 377.461 223.61 382.188 9.89949 9.21954 9.05539 9
1.59866 2.28227 235.279 377.348 225.312 382.204 9.89949 9.21954 9.05539 8.24621
1.63414 2.29076 234.921 377.329 225.935 382.292 9.21954 9.21954 9.05539 8.24621
1.65306 2.27266 235.023 377.511 226.303 382.05 9.21954 9.21954 9.05539 9
1.66513 2.29991 235.299 377.511 225.992 382.126 9.21954 9.21954 9.05539 8.24621
1.64468 2.28504 235.548 377.367 225.248 382.217 9.21954 9.21954 9.05539 8.24621
1.64802 2.27852 235.704 377.506 224.155 382.079 9.21954 9.21954 9.05539 8.24621
1.63398 2.28251 235.82 377.518 223.201 382.045 9.21954 9.21954 9.05539 8.24621
1.63186 2.29826 235.979 377.607 222.121 381.992 9.21954 9.21954 9.05539 9
1.65795 2.27954 236.078 377.623 219.81 381.989 9.21954 9.21954 9.05539 9
1.60748 2.31169 236.221 377.68 218.2 381.95 9.89949 9.21954 9.05539 9
1.59999 2.30365 236.353 377.502 219.125 382.174 9.89949 9.21954 9.05539 9
1.59861 2.29548 236.213 377.619 217.353 382.079 9.89949 9.21954 9.05539 9
1.59918 2.30321 235.867 377.606 217.168 381.991 9.89949 9.21954 9.05539 9
1.61162 2.30272 235.619 377.559 217.213 382.042 9.89949 9.21954 9.05539 9
1.60675 2.32516 235.186 377.326 216.59 382.277 9.89949 9.21954 9.05539 9
1.60215 2.30579 234.812 377.374 215.575 382.1 9.89949 9.21954 9.05539 9
1.63478 2.31163 234.19 377.276 215.873 382.146 9.21954 9.21954 9.05539 9
1.65292 2.2977 233.762 377.243 217.547 382.199 9.21954 9.21954 9.05539 9
1.67414 2.28624 233.615 377.312 217.436 382.04 9.21954 9.21954 9.05539 8.24621
1.67187 2.2934 233.754 377.261 217.97 382.202 9.21954 9.21954 9.05539 9
1.69024 2.27215 233.826 377.346 218.551 382.085 10 9.21954 9.05539 9
1.70623 2.2868 233.762 377.328 219.992 382.036 10 9.21954 9.05539 8.24621
1.69722 2.28125 233.874 377.256 220.316 382.157 10 9.21954 9.05539 9
1.71289 2.29098 233.799 377.396 221.022 382.055 10 9.21954 9.05539 9
1.68437 2.29762 234.042 377.459 220.963 381.934 10 9.21954 9.05539 8.24621
1.68923 2.29449 234.047 377.388 221.447 382.082 10 9.21954 9.05539 8.24621
1.66646 2.30298 234.206 377.45 221.585 382.002 9.21954 9.21954 9.05539 8.24621
1.66668 2.28122 234.202 377.448 222.554 382.059 9.21954 9.21954 9.05539 8.24621
1.68797 2.2811 234.285 377.59 223.138 382.019 10 9.21954 9.05539 9
1.70411 2.28989 234.402 377.633 224.011 381.887 10 9.21954 9.05539 9
1.7129 2.28421 234.624 377.422 224.8 382.207 10 9.21954 9.05539 9
1.71971 2.29152 234.987 377.433 226.416 382.185 10 9.21954 9.05539 8.24621
1.71738 2.28024 235.66 377.495 228.001 382.245 10 9.21954 9.05539 9
1.74783 2.27639 236.572 377.596 230.424 382.1 10 9.21954 9.05539 8.24621
1.81073 2.30449 237.996 377.534 232.917 382.254 9.43398 8.544 9.05539 8.24621
1.84143 2.30364 240.188 377.244 235.138 382.483 9.43398 9.43398 9.05539 8.24621
0.410826 2.29015 360.692 377.425 182.667 382.312 9.21954 9.21954 9.05539 8.24621
0.461232 2.28875 360.915 377.563 183.025 382.202 9.21954 9.21954 9.05539 8.24621
2.08841 2.30601 251.174 377.457 249.649 382.312 9.48683 8.544 9.05539 8.24621
2.20318 2.32206 255.937 377.654 256.814 382.162 9.21954 8.24621 9.05539 8.24621
2.33667 2.29887 261.033 378.024 265.586 381.951 9.05539 9 9.05539 8.24621
-0.648529 2.31004 266.4 377.955 276.538 382.047 8.24621 8 9.05539 9
-0.428505 2.31827 270.599 378.22 288.928 381.908 8.94427 8.24621 9.05539 9
-0.138702 2.333 274.374 378.294 301.619 382.009 9.21954 8.60233 9.05539 9
0.0285786 2.31012 277.363 378.455 313.923 382.151 9.21954 8.48528 9.05539 9
0.156349 2.30564 280.064 378.533 325.312 382.242 9.43398 8.60233 9.05539 9
0.317935 2.30281 282.263 379.075 335.628 381.965 9.84886 8.94427 9.05539 9
0.3225 2.29957 284.105 379.213 344.466 381.833 9.84886 8.94427 9.05539 8.24621
0.194891 0.194891 330.13 330.13 366.147 366.147 9.43398 8.06226 9.43398 8.06226
0.153808 0.153808 330.969 330.969 368.754 368.754 9.43398 8.60233 9.43398 8.60233
0.0680806 0.0680806 331.682 331.682 371.32 371.32 8.60233 7.81025 8.60233 7.81025
0.0192859 0.0192859 332.995 332.995 373.83 373.83 9.21954 8.48528 9.21954 8.48528
-0.00765663 -0.00765663 334.156 334.156 376.259 376.259 9.21954 8.48528 9.21954 8.48528
-0.0865508 -0.0865508 335.126 335.126 377.848 377.848 8.48528 7.81025 8.48528 7.81025
-0.119257 -0.119257 335.814 335.814 379.14 379.14 9.21954 8.60233 9.21954 8.60233
-0.0760672 -0.0760672 336.474 336.474 380.193 380.193 8.48528 7.81025 8.48528 7.81025
-0.0389881 -0.0389881 336.985 336.985 381.106 381.106 9.21954 8.48528 9.21954 8.48528
-0.237364 -0.237364 337.088 337.088 382.366 382.366 8.60233 8.06226 8.60233 8.06226
-0.18527 -0.18527 337.55 337.55 383.803 383.803 9.21954 8.60233 9.21954 8.60233
-0.211375 -0.211375 337.213 337.213 384.376 384.376 8.60233 8.06226 8.60233 8.06226
-0.203447 -0.203447 336.557 336.557 384.622 384.622 8.60233 8.06226 8.60233 8.06226
-0.180165 -0.180165 336.29 336.29 384.694 384.694 9.21954 8.60233 9.21954 8.60233
-0.212312 -0.212312 336.512 336.512 384.385 384.385 8.60233 8.06226 8.60233 8.06226
-0.212241 -0.212241 336.321 336.321 384.196 384.196 8.60233 8.06226 8.60233 8.06226
