0.000000 0.000000 0.000000 0.000000
-0.083000 -0.083000 -0.577000 -0.577000
-0.390000 -0.390000 -0.911000 -0.911000
-1.080000 -1.080000 -1.398000 -1.398000
-1.401000 -1.401000 -2.344000 -2.344000
-1.799000 -1.799000 -3.537000 -3.537000
-2.785000 -2.785000 -4.661000 -4.661000
-2.824000 -2.824000 -5.582000 -5.582000
-1.679000 -1.679000 -6.564000 -6.564000
-0.470000 -0.470000 -7.989000 -7.989000
-0.384000 -0.384000 -10.272000 -10.272000
-40.703000 59.483000 -14.254000 -12.121000
-45.513000 66.685000 -16.324000 -12.644000
-10.976000 15.041000 -14.597000 -13.020000
-10.277000 18.180000 -11.974000 -12.540000
-8.467000 16.164000 -9.143000 -10.411000
-5.376000 11.211000 -7.240000 -7.563000
-1.422000 2.316000 -5.972000 -15.022000
0.540000 1.705000 -4.636000 -15.477000
2.202000 9.864000 -3.798000 -5.605000
4.177000 12.531000 -3.568000 -3.797000
5.595000 12.543000 -3.773000 -2.981000
6.682000 10.448000 -4.103000 -2.306000
7.203000 10.622000 -4.057000 4.633000
6.413000 9.602000 -3.543000 4.577000
5.131000 7.406000 -3.216000 -2.948000
4.121000 6.048000 -2.633000 -2.525000
2.503000 4.767000 -2.046000 -2.236000
1.690000 3.244000 -1.839000 -2.793000
1.186000 1.480000 -1.358000 -2.228000
-0.104000 0.844000 -0.439000 -1.792000
-1.012000 -0.697000 0.501000 -1.408000
-1.783000 -2.346000 1.180000 -1.065000
-3.460000 -3.585000 2.363000 -0.579000
-4.779000 -5.238000 3.374000 0.575000
-5.366000 -7.185000 3.618000 1.958000
-6.213000 -9.005000 3.842000 4.200000
-7.548000 -14.469000 3.895000 -5.544000
-8.286000 -18.049000 3.347000 -7.014000
-8.890000 -17.242000 3.048000 2.180000
-9.275000 -16.741000 2.437000 0.645000
-8.764000 15.374000 1.426000 26.902000
-8.127000 18.855000 0.992000 25.346000
-6.901000 -8.492000 0.558000 -2.825000
-5.970000 -7.589000 0.238000 -1.985000
-16.485000 -6.547000 11.996000 -1.659000
-14.677000 -5.900000 12.447000 -1.865000
-1.800000 -13.210000 0.760000 -6.278000
-1.382000 -3.127000 0.422000 -0.819000
-0.257000 -1.293000 -0.149000 -0.348000
1.025000 -9.248000 0.559000 -5.272000
1.503000 7.918000 0.654000 4.631000
13.628000 1.788000 -11.674000 0.812000
14.930000 2.524000 -10.643000 1.158000
5.698000 11.494000 1.016000 6.534000
9.820000 4.198000 1.168000 1.571000
9.946000 4.653000 1.606000 1.816000
6.648000 5.244000 1.078000 2.542000
4.243000 5.485000 0.605000 3.045000
6.565000 4.614000 0.687000 1.934000
6.240000 -21.816000 0.236000 -27.463000
3.918000 -18.348000 -0.712000 -26.966000
4.984000 9.514000 -0.491000 1.227000
4.030000 7.110000 -0.627000 0.853000
3.592000 10.841000 -1.102000 9.637000
3.034000 9.069000 -1.454000 8.568000
2.703000 -4.380000 -1.533000 -10.817000
2.133000 1.046000 -1.022000 -0.274000
1.554000 7.136000 -0.626000 10.025000
2.735000 -7.092000 -0.590000 -10.420000
3.613000 -9.005000 -0.596000 -10.559000
2.999000 6.558000 0.106000 12.563000
3.651000 7.024000 1.077000 13.251000
4.062000 -2.446000 2.290000 1.869000
3.623000 -5.154000 3.531000 3.306000
3.920000 -6.352000 4.139000 4.210000
3.746000 -7.276000 4.886000 3.798000
2.996000 -8.724000 6.069000 4.157000
2.261000 -8.459000 7.007000 5.066000
0.872000 -9.347000 7.511000 7.030000
35.072000 -76.515000 4.069000 14.986000
34.338000 -72.040000 4.289000 14.859000
-1.520000 -1.520000 7.678000 7.678000
-3.079000 -3.079000 7.531000 7.531000
-3.534000 -3.534000 7.505000 7.505000
-1.977000 -1.977000 7.067000 7.067000
-1.491000 -1.491000 6.970000 6.970000
-1.158000 -1.158000 6.947000 6.947000
-0.732000 -0.732000 6.527000 6.527000
0.360000 0.360000 5.358000 5.358000
1.270000 1.270000 4.490000 4.490000
1.261000 1.261000 4.007000 4.007000
1.285000 1.285000 3.296000 3.296000
1.097000 1.097000 2.785000 2.785000
1.384000 1.384000 2.641000 2.641000
1.587000 1.587000 2.517000 2.517000
1.810000 1.810000 2.141000 2.141000
1.481000 1.481000 1.852000 1.852000
1.242000 1.242000 1.424000 1.424000
0.000000 0.000000 0.000000 0.000000
