0.000000 0.000000 0.000000 0.000000
0.726000 0.726000 -0.549000 -0.549000
-47.180000 -47.180000 255.828000 255.828000
0.249000 0.249000 0.077000 0.077000
47.813000 65.856000 -255.842000 -15.784000
-110.147000 16.000000 222.686000 230.819000
-112.883000 -3.971000 210.801000 -20.190000
-5.236000 -4.272000 -24.748000 -21.528000
-5.102000 -5.759000 -26.494000 -22.043000
-5.310000 -6.840000 -26.619000 -22.800000
-7.392000 -7.342000 -26.191000 -22.870000
-10.467000 -6.976000 -25.676000 -21.841000
-10.731000 -5.815000 -24.364000 -20.078000
-9.646000 -4.752000 -21.622000 -18.287000
-8.951000 -3.908000 -18.068000 -15.760000
-8.633000 -3.539000 -14.455000 -12.950000
-8.843000 -3.125000 -10.776000 -10.326000
-8.893000 -2.902000 -7.609000 -7.713000
-6.802000 -1.802000 -4.001000 -5.361000
-4.531000 -0.374000 -0.207000 -3.027000
-4.782000 1.322000 2.270000 -0.541000
-4.502000 3.680000 4.329000 1.074000
-0.784000 6.034000 6.902000 1.753000
4.588000 9.044000 8.643000 2.388000
10.198000 12.050000 8.546000 2.871000
14.576000 14.288000 7.775000 3.385000
18.720000 17.047000 6.474000 3.931000
22.763000 19.133000 3.990000 4.057000
25.465000 21.331000 1.820000 3.338000
24.973000 21.049000 0.180000 2.701000
21.778000 18.344000 -1.787000 2.040000
19.161000 16.306000 -2.951000 1.275000
15.077000 12.851000 -3.364000 0.749000
10.202000 9.923000 -3.519000 -0.108000
5.309000 7.342000 -3.168000 -0.970000
0.654000 3.479000 -2.184000 -1.616000
-3.811000 -1.121000 -1.207000 -1.925000
-7.984000 -5.044000 -0.107000 -2.229000
-11.496000 -9.428000 0.829000 -1.933000
-14.711000 -13.945000 2.013000 -1.108000
-17.380000 -17.357000 2.998000 -0.613000
-19.055000 -19.233000 3.200000 -0.387000
-19.650000 -20.552000 3.603000 0.088000
-19.013000 -22.335000 3.515000 0.023000
-17.704000 -21.038000 3.037000 -0.183000
-15.111000 -15.207000 2.612000 -0.039000
-12.323000 -10.657000 2.001000 0.019000
-8.672000 -7.236000 0.955000 0.383000
-4.983000 -2.589000 0.290000 0.783000
-2.062000 1.592000 -0.132000 1.128000
2.113000 5.722000 -0.426000 1.284000
6.386000 8.757000 -0.748000 1.854000
10.422000 12.901000 -0.719000 2.252000
13.937000 17.273000 -0.573000 2.266000
17.278000 18.072000 -0.813000 2.426000
19.606000 18.019000 -0.757000 1.979000
20.067000 17.485000 -0.336000 1.108000
19.549000 15.853000 -0.083000 0.335000
17.263000 13.453000 -0.564000 -0.363000
13.137000 10.291000 -1.037000 -1.358000
9.530000 6.044000 -1.201000 -2.290000
6.063000 2.062000 -1.041000 -2.545000
2.376000 -1.694000 -0.222000 -3.057000
-1.021000 -6.573000 0.108000 -3.180000
-4.246000 -10.467000 0.307000 -2.706000
-6.447000 -13.186000 1.362000 -2.403000
-7.674000 -18.061000 1.890000 -0.829000
-7.931000 -16.294000 2.070000 -0.893000
-7.906000 -13.805000 2.180000 -1.037000
-7.499000 -15.753000 1.956000 0.196000
-6.088000 -9.996000 1.827000 0.524000
-4.164000 -4.614000 1.195000 0.952000
-3.529000 -3.796000 0.636000 1.635000
-2.817000 -0.430000 0.870000 2.292000
-0.917000 1.476000 1.127000 2.759000
0.075000 1.428000 1.410000 3.507000
0.191000 2.825000 1.967000 3.767000
0.259000 2.423000 3.050000 4.208000
0.847000 1.730000 3.937000 4.398000
0.685000 1.548000 5.199000 4.659000
0.098000 1.490000 6.745000 5.416000
-0.236000 0.863000 8.019000 6.188000
0.038000 0.682000 9.611000 7.810000
-0.450000 2.614000 10.948000 9.666000
-0.925000 2.630000 12.261000 11.110000
-0.219000 0.699000 13.599000 12.831000
-0.294000 0.684000 14.479000 14.482000
-0.479000 0.953000 15.155000 15.344000
-0.339000 1.643000 15.659000 15.227000
-0.262000 1.324000 15.684000 15.164000
0.071000 -0.216000 15.156000 15.468000
0.157000 -0.918000 14.703000 15.276000
41.282000 -0.861000 41.328000 14.813000
62.453000 -0.117000 35.889000 14.453000
20.911000 -0.072000 1.505000 13.901000
46.031000 -28.304000 -256.771000 -234.115000
46.248000 -28.022000 -256.347000 -240.797000
0.193000 0.193000 -0.232000 -0.232000
0.206000 0.206000 -0.027000 -0.027000
0.000000 0.000000 0.000000 0.000000
