0.000000 0.000000 0.000000 0.000000
-10.732000 11.821000 -17.175000 -18.310000
-11.432000 11.956000 -15.898000 -18.208000
-8.559000 11.088000 -14.176000 -17.120000
-6.621000 -35.644000 -13.837000 -110.819000
-5.344000 -41.431000 -13.014000 -102.390000
-4.390000 56.501000 -11.534000 85.312000
-3.363000 63.229000 -9.739000 79.875000
-2.189000 12.096000 -8.456000 -9.734000
-0.942000 11.247000 -6.563000 -8.928000
0.129000 10.292000 -4.383000 -7.862000
0.765000 10.000000 -3.389000 -6.820000
1.705000 8.611000 -2.148000 -5.594000
2.985000 7.091000 -0.925000 -4.273000
3.409000 6.195000 0.272000 -3.250000
3.672000 4.819000 0.538000 -2.331000
3.919000 3.562000 1.035000 -1.570000
3.540000 2.772000 1.710000 -0.992000
3.218000 1.414000 2.082000 -0.222000
3.002000 0.176000 1.709000 0.728000
2.501000 0.033000 1.570000 1.047000
2.096000 -1.225000 1.582000 1.407000
1.448000 -2.834000 1.006000 1.643000
0.066000 -3.279000 1.188000 1.584000
-1.220000 -4.632000 1.896000 1.980000
-2.421000 -6.105000 0.864000 2.579000
-3.748000 -6.984000 -0.086000 2.614000
-5.255000 -8.725000 0.274000 2.166000
-7.229000 -10.729000 -0.045000 1.531000
-8.971000 -11.320000 0.478000 0.931000
-10.394000 -12.541000 0.521000 0.480000
-11.434000 -14.086000 0.434000 0.209000
-12.176000 -13.462000 0.380000 -0.066000
-12.168000 -13.881000 0.313000 -0.422000
-11.339000 -13.867000 0.312000 -1.143000
-11.210000 -12.723000 -1.323000 -1.521000
-10.242000 -12.055000 -0.972000 -1.510000
-8.518000 -10.653000 0.255000 -1.213000
-6.999000 -8.988000 0.177000 -0.810000
-5.111000 -6.896000 0.407000 -0.847000
-3.281000 -4.542000 0.077000 -0.782000
-1.817000 -3.161000 -0.804000 -0.672000
-0.406000 -1.757000 -0.837000 -0.480000
1.397000 0.260000 -0.352000 -0.369000
3.135000 2.180000 -0.251000 0.141000
4.393000 3.804000 -1.107000 0.738000
5.598000 5.039000 -0.959000 0.736000
7.323000 6.488000 0.344000 0.757000
8.914000 8.062000 1.613000 1.248000
9.491000 9.627000 1.670000 1.312000
9.852000 10.962000 1.212000 1.260000
10.689000 11.718000 1.511000 1.602000
10.852000 12.329000 1.048000 1.671000
10.721000 12.942000 1.134000 1.508000
10.366000 12.120000 1.450000 1.537000
9.731000 11.413000 1.368000 1.556000
8.734000 10.857000 0.933000 0.973000
6.843000 8.996000 0.697000 0.693000
5.942000 7.734000 1.260000 0.302000
4.541000 6.224000 1.091000 -0.199000
2.374000 4.891000 0.231000 -0.420000
0.237000 3.133000 -0.181000 -0.557000
-1.841000 0.630000 0.259000 -0.203000
-3.682000 -1.299000 1.229000 -0.002000
-5.571000 -2.762000 0.961000 -0.096000
-6.335000 -4.924000 0.211000 0.090000
-7.710000 -6.847000 0.554000 0.276000
-9.301000 -8.023000 0.770000 0.274000
-9.715000 -9.878000 0.840000 0.371000
-9.351000 -10.203000 -0.137000 0.417000
-9.449000 -9.603000 -0.146000 0.357000
-9.842000 -9.807000 0.929000 0.425000
-9.079000 -10.260000 1.065000 0.734000
-7.548000 -9.940000 1.290000 0.920000
-5.409000 -8.030000 1.596000 0.945000
-3.781000 -6.485000 1.460000 1.208000
-2.342000 -5.322000 0.635000 1.188000
-0.347000 -3.286000 0.568000 1.273000
1.201000 -1.729000 -0.124000 1.753000
2.723000 -0.283000 -0.580000 2.093000
4.253000 1.850000 -0.028000 1.822000
5.528000 2.910000 0.087000 1.561000
6.648000 3.006000 0.111000 1.891000
7.290000 4.191000 0.586000 2.024000
7.604000 4.852000 0.987000 1.881000
7.631000 4.632000 0.861000 1.975000
6.990000 5.057000 2.235000 2.259000
6.799000 4.824000 0.916000 2.035000
6.078000 3.655000 0.669000 1.786000
4.941000 2.872000 2.007000 1.886000
4.286000 2.408000 1.041000 1.665000
3.162000 1.947000 0.661000 1.549000
1.955000 0.808000 0.350000 1.831000
0.753000 -0.690000 1.058000 2.027000
0.057000 -1.106000 1.840000 1.935000
-0.371000 -1.322000 1.658000 2.147000
-0.695000 -2.970000 1.490000 2.839000
-0.015000 -4.488000 2.268000 3.458000
0.326000 -4.795000 2.684000 4.163000
0.000000 0.000000 0.000000 0.000000
