0.000000 0.000000 0.000000 0.000000
-0.355000 -0.355000 0.087000 0.087000
-0.378000 -0.378000 -0.106000 -0.106000
-0.371000 -0.371000 -0.436000 -0.436000
-0.739000 -0.739000 -0.552000 -0.552000
-1.110000 -1.110000 -1.029000 -1.029000
-1.464000 -1.464000 -1.332000 -1.332000
-1.491000 -1.491000 -1.648000 -1.648000
-1.268000 -1.268000 -2.497000 -2.497000
-1.533000 -1.533000 -4.210000 -4.210000
-1.523000 -1.523000 -7.136000 -7.136000
-2.491000 -2.491000 -10.321000 -10.321000
-4.089000 -4.089000 -13.415000 -13.415000
-51.941000 62.744000 -16.809000 -14.077000
-54.094000 64.256000 -18.779000 -15.687000
-8.966000 0.899000 -19.586000 -20.862000
-9.953000 4.096000 -20.595000 -24.441000
-11.389000 7.203000 -20.563000 -24.940000
-12.422000 10.562000 -19.819000 -23.036000
-13.039000 12.691000 -17.797000 -19.750000
-13.441000 13.950000 -15.067000 -15.213000
-12.712000 13.005000 -12.718000 -11.905000
-11.319000 10.952000 -10.170000 -10.224000
-9.592000 9.021000 -8.104000 -8.977000
-7.613000 6.831000 -7.295000 -8.500000
-6.049000 5.338000 -5.992000 -7.555000
-4.618000 4.430000 -4.203000 -5.623000
-3.302000 3.398000 -3.174000 -4.019000
-2.144000 2.378000 -2.395000 -3.597000
-1.315000 1.657000 -1.524000 -3.261000
-0.326000 0.869000 -1.679000 -2.662000
0.592000 0.034000 -2.459000 -2.569000
68.337000 -0.603000 -100.048000 -2.792000
67.550000 -1.133000 -98.315000 -2.478000
-0.760000 -1.297000 0.939000 -1.918000
-0.174000 -1.305000 -0.063000 -1.557000
163.253000 -1.524000 84.232000 -1.186000
0.314000 -1.384000 -0.553000 -0.317000
-163.013000 -1.606000 -85.078000 0.159000
-0.299000 -2.262000 0.353000 0.279000
-0.284000 -2.699000 0.130000 0.722000
0.504000 -159.724000 -0.533000 -85.849000
0.791000 -158.201000 -1.052000 -86.881000
0.726000 0.726000 -1.507000 -1.507000
0.255000 151.605000 -0.646000 94.846000
-55.088000 149.287000 101.439000 99.361000
-53.685000 -2.984000 105.060000 7.893000
2.040000 -2.108000 8.496000 9.192000
2.008000 -2.109000 9.460000 10.024000
1.204000 -2.901000 10.374000 10.643000
0.711000 -2.634000 11.001000 11.134000
0.888000 -2.074000 11.119000 11.419000
0.992000 -1.822000 11.114000 11.362000
1.605000 -1.976000 10.913000 11.018000
2.055000 -2.409000 10.624000 10.415000
1.946000 -3.445000 9.972000 9.656000
2.820000 -4.132000 9.086000 8.804000
83.014000 -101.174000 7.483000 8.507000
81.663000 -98.696000 6.295000 7.516000
0.341000 0.341000 5.657000 5.657000
-0.889000 -0.889000 4.392000 4.392000
-0.092000 -0.092000 3.058000 3.058000
0.470000 0.470000 1.896000 1.896000
-0.260000 -0.260000 1.128000 1.128000
-0.398000 -0.398000 0.362000 0.362000
0.060000 0.060000 -0.075000 -0.075000
0.148000 0.148000 -0.309000 -0.309000
0.020000 0.020000 -0.475000 -0.475000
-0.630000 -0.630000 -0.531000 -0.531000
-0.455000 -0.455000 -0.660000 -0.660000
-0.104000 -0.104000 -0.713000 -0.713000
0.098000 0.098000 -0.671000 -0.671000
0.145000 0.145000 -0.539000 -0.539000
-0.201000 -0.201000 -0.495000 -0.495000
0.194000 0.194000 -0.411000 -0.411000
0.563000 0.563000 -0.326000 -0.326000
0.537000 0.537000 -0.227000 -0.227000
-0.599000 -0.599000 -0.114000 -0.114000
0.246000 0.246000 -0.147000 -0.147000
0.683000 0.683000 -0.036000 -0.036000
-0.367000 -0.367000 0.171000 0.171000
0.206000 0.206000 0.220000 0.220000
0.283000 0.283000 0.142000 0.142000
0.029000 0.029000 0.096000 0.096000
-0.967000 -0.967000 0.375000 0.375000
-0.540000 -0.540000 0.497000 0.497000
0.729000 0.729000 0.251000 0.251000
0.949000 0.949000 0.185000 0.185000
1.026000 1.026000 0.212000 0.212000
-0.082000 -0.082000 0.717000 0.717000
-0.660000 -0.660000 1.361000 1.361000
-0.092000 -0.092000 1.699000 1.699000
0.320000 0.320000 2.124000 2.124000
-0.148000 -0.148000 2.756000 2.756000
-0.733000 -0.733000 3.229000 3.229000
0.012000 0.012000 3.707000 3.707000
2.405000 2.405000 3.765000 3.765000
2.049000 2.049000 4.287000 4.287000
1.360000 1.360000 5.140000 5.140000
0.000000 0.000000 0.000000 0.000000
