0.000000 0.000000 0.000000 0.000000
-0.149000 -0.149000 -0.206000 -0.206000
-0.310000 -0.310000 0.153000 0.153000
-0.111000 -0.111000 0.127000 0.127000
-0.207000 -0.207000 0.098000 0.098000
-46.740000 -46.740000 254.566000 254.566000
0.015000 0.015000 -0.014000 -0.014000
46.498000 46.498000 -254.250000 -254.250000
0.089000 0.089000 -0.064000 -0.064000
0.000000 0.000000 0.000000 0.000000
-0.092000 -0.092000 -0.162000 -0.162000
0.031000 0.031000 -0.053000 -0.053000
0.000000 0.000000 0.000000 0.000000
-0.069000 -0.069000 -0.146000 -0.146000
-0.033000 -0.033000 -0.107000 -0.107000
-0.109000 -0.109000 0.280000 0.280000
-0.020000 -0.020000 0.061000 0.061000
-60.325000 0.091000 252.714000 -0.353000
-0.096000 -0.096000 0.143000 0.143000
60.436000 0.020000 -253.128000 -0.061000
0.171000 0.171000 -0.122000 -0.122000
0.179000 0.179000 0.298000 0.298000
0.197000 0.197000 0.103000 0.103000
-63.216000 50.993000 253.122000 230.397000
-138.602000 58.105000 225.559000 219.661000
-81.940000 14.633000 -38.280000 -22.006000
-13.288000 14.198000 -21.454000 -22.982000
-11.916000 11.712000 -22.045000 -24.900000
-9.720000 8.380000 -23.023000 -26.594000
-7.943000 5.671000 -24.627000 -27.644000
-5.486000 3.111000 -25.446000 -28.534000
-2.624000 -0.564000 -25.684000 -27.137000
0.427000 -3.900000 -25.768000 -24.759000
4.061000 -6.364000 -24.554000 -22.784000
7.427000 -8.951000 -22.975000 -20.624000
10.468000 -11.073000 -20.520000 -18.351000
13.265000 -12.541000 -17.800000 -15.516000
15.419000 -13.513000 -15.228000 -12.277000
16.756000 -13.677000 -12.064000 -8.636000
17.111000 -13.181000 -8.928000 -5.274000
16.725000 -12.864000 -5.367000 -2.531000
15.646000 -12.201000 -1.903000 0.266000
14.306000 -11.038000 0.178000 3.075000
12.681000 -10.385000 2.553000 4.795000
11.094000 -9.784000 5.303000 6.268000
10.377000 -8.758000 6.573000 7.569000
9.723000 -7.612000 7.374000 8.268000
7.608000 -6.486000 9.059000 9.388000
5.321000 -5.753000 11.293000 10.881000
3.766000 -4.929000 13.487000 12.097000
2.855000 -3.736000 15.257000 13.271000
1.744000 -2.866000 16.843000 14.829000
0.193000 -1.954000 18.134000 16.692000
-0.461000 -0.926000 18.782000 18.453000
-1.131000 -0.012000 19.400000 19.416000
-1.717000 0.525000 18.985000 19.827000
-2.092000 1.239000 17.800000 19.675000
-2.622000 1.933000 16.119000 18.335000
-2.445000 2.039000 13.250000 16.353000
-1.712000 1.750000 10.182000 13.976000
-0.947000 1.039000 7.125000 10.266000
-0.955000 0.709000 3.955000 5.688000
-0.241000 0.215000 1.155000 1.797000
0.421000 -0.566000 -0.541000 -0.803000
0.123000 -0.763000 -1.401000 -1.777000
0.141000 -0.525000 -2.060000 -1.651000
-0.250000 -0.438000 -1.881000 -1.445000
-0.565000 -0.314000 -1.504000 -1.228000
-0.472000 -0.267000 -1.274000 -0.909000
-0.191000 0.077000 -0.941000 -0.610000
-0.220000 0.070000 -0.690000 -0.601000
-0.368000 -0.133000 -0.705000 -0.626000
-0.142000 0.075000 -0.553000 -0.637000
-0.075000 -0.121000 -0.181000 -0.562000
0.116000 -0.193000 -0.029000 -0.246000
0.268000 -0.008000 0.248000 -0.048000
0.336000 0.053000 0.465000 0.058000
0.272000 0.146000 0.507000 0.275000
0.263000 0.018000 0.623000 0.299000
0.184000 0.178000 0.498000 0.469000
-0.067000 0.646000 0.305000 0.714000
0.123000 0.567000 0.168000 0.439000
-0.018000 0.347000 0.215000 0.089000
-0.407000 0.730000 0.660000 0.346000
-0.831000 0.934000 0.975000 0.703000
-0.617000 0.957000 1.069000 0.953000
-0.530000 1.042000 1.569000 1.359000
-0.956000 0.870000 2.374000 1.959000
-1.071000 1.247000 3.235000 3.077000
-1.459000 1.164000 4.697000 4.501000
-1.774000 1.281000 6.335000 5.881000
-1.953000 1.523000 8.049000 7.150000
-2.124000 1.317000 9.802000 8.501000
-2.437000 1.582000 10.851000 9.969000
-3.232000 1.592000 11.186000 11.503000
-4.393000 1.798000 10.906000 12.643000
-4.795000 3.182000 11.574000 13.513000
-5.593000 -3.506000 10.405000 -230.236000
91.574000 -5.621000 -230.087000 -237.229000
0.000000 0.000000 0.000000 0.000000
