0.000000 0.000000 0.000000 0.000000
0.000000 -0.049000 0.000000 -1.830000
0.000000 0.110000 0.000000 -3.190000
0.000000 0.235000 0.000000 -5.426000
0.000000 0.432000 0.000000 -8.287000
0.000000 0.474000 0.000000 -10.870000
0.000000 -0.348000 0.000000 -13.905000
0.000000 -1.936000 0.000000 -17.034000
285.339000 18.356000 349.033000 -11.320000
276.615000 24.856000 339.091000 -13.988000
-17.556000 10.972000 -19.677000 -24.696000
-18.011000 12.798000 -19.152000 -25.912000
-17.918000 14.326000 -18.012000 -25.246000
-16.649000 14.186000 -16.974000 -22.710000
-14.944000 12.328000 -16.359000 -19.202000
-13.197000 10.380000 -15.958000 -16.544000
-11.301000 8.444000 -15.161000 -15.044000
-9.101000 6.430000 -14.204000 -13.739000
-6.928000 4.826000 -13.187000 -12.295000
-4.758000 3.651000 -11.459000 -10.949000
-2.588000 2.170000 -9.760000 -9.509000
-0.857000 0.595000 -8.061000 -7.785000
0.688000 -0.596000 -6.614000 -6.064000
2.079000 -1.811000 -5.046000 -4.749000
3.114000 -2.904000 -3.136000 -3.388000
4.420000 -3.541000 -1.691000 -1.731000
5.312000 -4.245000 -0.509000 -0.466000
6.041000 -5.050000 0.440000 0.198000
6.689000 -5.417000 1.111000 0.987000
6.264000 -5.472000 1.894000 1.949000
5.983000 -5.351000 2.305000 2.216000
5.739000 -4.786000 2.370000 2.045000
5.167000 -4.019000 2.505000 2.164000
4.820000 -3.321000 2.861000 2.057000
4.577000 -2.924000 2.589000 1.696000
4.339000 -2.927000 2.027000 1.602000
4.522000 -3.017000 1.952000 1.374000
5.015000 -3.320000 2.317000 1.315000
5.054000 -3.338000 2.947000 1.464000
5.060000 -3.653000 3.598000 2.104000
5.587000 -3.700000 4.455000 3.323000
5.817000 -3.817000 5.526000 4.435000
5.502000 -4.084000 6.841000 5.573000
5.336000 -3.673000 8.286000 7.156000
5.284000 -3.315000 9.398000 8.467000
4.590000 -2.712000 10.552000 9.377000
3.363000 -1.927000 12.216000 10.466000
2.372000 -1.078000 13.546000 11.339000
1.418000 -0.724000 14.622000 11.635000
0.745000 -0.399000 14.992000 11.594000
0.604000 0.132000 14.559000 11.518000
0.356000 0.389000 13.351000 10.792000
0.604000 0.208000 10.138000 9.074000
0.641000 -0.283000 6.118000 6.751000
0.645000 -0.436000 2.785000 4.598000
1.002000 -0.687000 0.401000 2.655000
0.330000 -0.657000 -0.695000 0.929000
-0.274000 -0.434000 -0.866000 -0.027000
-0.122000 -0.661000 -1.253000 -0.549000
-0.175000 -0.320000 -1.304000 -0.434000
-0.256000 -0.117000 -1.073000 -0.750000
-0.349000 -0.108000 -0.947000 -0.977000
-0.304000 0.156000 -0.942000 -0.833000
-0.316000 0.119000 -1.003000 -0.982000
-0.250000 0.040000 -1.066000 -1.007000
-0.299000 -0.136000 -0.689000 -1.445000
-0.636000 0.040000 -0.096000 -0.924000
-0.250000 0.101000 -0.617000 -0.703000
-0.037000 0.001000 -0.780000 -0.892000
-0.092000 0.576000 -0.486000 -0.419000
-0.175000 0.818000 -0.537000 -0.053000
-0.315000 0.082000 -0.494000 -0.561000
-0.109000 0.102000 -0.201000 -0.519000
0.420000 0.548000 -0.241000 -0.129000
0.668000 0.263000 -0.258000 -0.349000
0.350000 -0.156000 0.012000 -0.262000
0.353000 -0.045000 0.111000 -0.125000
0.469000 0.023000 0.218000 0.056000
0.383000 -0.035000 0.512000 0.135000
0.249000 0.008000 0.513000 0.197000
0.094000 -0.025000 0.340000 0.182000
-0.027000 -0.138000 0.372000 0.196000
0.020000 0.088000 0.254000 0.547000
-0.028000 0.082000 0.668000 0.693000
-0.155000 -0.530000 1.041000 0.979000
-0.170000 -0.334000 1.182000 2.061000
-0.399000 -0.614000 1.700000 2.810000
-0.151000 -1.358000 1.917000 3.648000
0.013000 -1.503000 1.969000 4.553000
-0.014000 -2.882000 2.119000 5.478000
0.280000 -3.197000 2.466000 7.776000
0.606000 -3.230000 2.647000 9.512000
1.411000 -4.009000 2.647000 10.709000
-278.312000 -29.301000 -337.826000 4.687000
-279.326000 -26.667000 -339.180000 2.826000
284.490000 22.141000 343.737000 20.434000
287.631000 20.131000 345.628000 22.837000
5.263000 -2.462000 5.175000 11.796000
5.351000 -2.627000 5.982000 9.469000
0.000000 0.000000 0.000000 0.000000
