0.000000 0.000000 0.000000 0.000000
-0.139000 -0.139000 0.068000 0.068000
0.001000 0.001000 -0.011000 -0.011000
0.136000 0.136000 -0.045000 -0.045000
0.320000 0.320000 -0.056000 -0.056000
-0.267000 -0.267000 0.006000 0.006000
-0.076000 -0.076000 0.069000 0.069000
0.171000 0.171000 -0.019000 -0.019000
-0.142000 -0.142000 -0.067000 -0.067000
0.076000 0.076000 0.076000 0.076000
0.005000 0.005000 -0.036000 -0.036000
-0.075000 -0.075000 -0.065000 -0.065000
-0.118000 -0.118000 -0.036000 -0.036000
-0.338000 -0.338000 -0.075000 -0.075000
-0.834000 -0.834000 -0.110000 -0.110000
-0.644000 -0.644000 -0.364000 -0.364000
0.265000 0.265000 -0.391000 -0.391000
0.879000 0.879000 -0.414000 -0.414000
1.015000 1.015000 -0.443000 -0.443000
0.357000 0.357000 -0.168000 -0.168000
-1.444000 -1.444000 0.131000 0.131000
-85.485000 45.018000 6.659000 -3.529000
-90.020000 46.325000 5.524000 -3.646000
-12.262000 0.145000 -3.462000 -0.098000
-11.723000 -0.300000 -3.450000 -0.031000
-12.112000 -0.413000 -1.821000 -0.039000
-13.132000 -0.332000 -2.448000 0.061000
-13.483000 -0.041000 -4.574000 -0.048000
-15.670000 0.342000 -6.416000 -0.322000
-11.034000 -0.074000 -8.835000 -0.084000
-6.952000 0.137000 -10.913000 -0.110000
-10.518000 0.313000 -11.764000 -0.206000
-8.332000 0.066000 -13.719000 0.032000
-3.594000 -0.147000 -15.440000 0.218000
-1.189000 -0.088000 -16.591000 0.132000
0.653000 -0.181000 -18.228000 0.135000
2.520000 -0.214000 -19.158000 0.161000
4.867000 0.124000 -20.072000 0.110000
6.502000 0.034000 -21.920000 0.103000
25.717000 -0.081000 30.229000 -0.014000
23.697000 -0.058000 40.846000 -0.030000
3.228000 -0.472000 -30.962000 0.195000
9.358000 -0.109000 -38.554000 0.079000
56.435000 0.648000 -114.877000 -0.186000
48.103000 0.410000 -105.426000 -0.125000
-0.609000 0.261000 0.474000 -0.031000
0.556000 0.189000 -4.097000 0.011000
-0.297000 0.035000 -0.651000 -0.039000
-0.261000 0.029000 -0.616000 -0.080000
0.663000 -0.115000 -4.904000 -0.112000
-11.934000 -0.212000 115.006000 -0.047000
-12.113000 -0.262000 120.965000 0.175000
0.015000 -0.030000 8.820000 0.045000
0.263000 -0.280000 8.365000 0.219000
0.502000 -0.316000 8.041000 0.474000
1.264000 -0.188000 7.516000 0.336000
1.995000 -0.677000 6.882000 0.516000
2.353000 -0.127000 6.365000 0.293000
2.602000 0.338000 5.640000 0.080000
2.230000 -0.060000 4.949000 0.352000
1.771000 0.395000 4.335000 0.079000
1.488000 0.548000 3.552000 -0.142000
0.922000 0.176000 2.973000 0.083000
0.710000 -0.003000 2.750000 0.038000
0.723000 -0.014000 2.462000 -0.004000
0.659000 0.337000 2.352000 0.107000
0.284000 -0.139000 2.347000 0.054000
-0.160000 -0.475000 2.360000 0.039000
-0.604000 -0.157000 2.478000 0.023000
-0.060000 0.062000 2.455000 -0.135000
0.223000 0.105000 2.464000 -0.079000
-0.564000 0.132000 2.598000 -0.076000
-0.492000 -0.071000 2.635000 -0.119000
-0.486000 -0.366000 2.658000 0.011000
-0.848000 0.470000 2.970000 -0.149000
41.216000 -65.369000 13.138000 -15.694000
41.833000 -65.850000 12.515000 -14.561000
0.321000 0.321000 2.031000 2.031000
0.779000 0.779000 2.220000 2.220000
1.042000 1.042000 2.180000 2.180000
0.868000 0.868000 2.000000 2.000000
0.840000 0.840000 1.988000 1.988000
1.059000 1.059000 2.094000 2.094000
1.021000 1.021000 2.224000 2.224000
0.872000 0.872000 2.287000 2.287000
0.872000 0.872000 2.317000 2.317000
0.677000 0.677000 2.159000 2.159000
0.889000 0.889000 1.997000 1.997000
1.156000 1.156000 2.254000 2.254000
0.999000 0.999000 2.233000 2.233000
1.261000 1.261000 2.184000 2.184000
1.934000 1.934000 2.119000 2.119000
1.741000 1.741000 1.928000 1.928000
2.048000 2.048000 1.615000 1.615000
2.771000 2.771000 0.944000 0.944000
3.001000 3.001000 0.589000 0.589000
2.915000 2.915000 0.420000 0.420000
-93.119000 46.868000 7.183000 -2.971000
-94.493000 45.820000 7.321000 -3.177000
0.000000 0.000000 0.000000 0.000000
