0.000000 0.000000 0.000000 0.000000
0.000000 -0.048000 0.000000 0.157000
0.000000 -0.124000 0.000000 -0.235000
0.000000 -0.114000 0.000000 -0.314000
0.000000 -0.086000 0.000000 -0.159000
0.000000 -0.141000 0.000000 0.003000
0.000000 -0.278000 0.000000 0.025000
0.000000 -0.375000 0.000000 0.016000
0.000000 -0.241000 0.000000 0.163000
0.000000 -0.210000 0.000000 0.187000
0.000000 -0.263000 0.000000 0.036000
0.000000 0.046000 0.000000 0.021000
0.000000 0.179000 0.000000 0.033000
0.000000 -0.115000 0.000000 -0.040000
0.000000 -0.035000 0.000000 0.005000
0.000000 0.196000 0.000000 0.035000
0.000000 0.100000 0.000000 -0.046000
0.000000 0.077000 0.000000 -0.020000
0.000000 0.195000 0.000000 -0.046000
0.000000 0.019000 0.000000 -0.073000
0.000000 -0.058000 0.000000 -0.079000
0.000000 -0.034000 0.000000 -0.105000
0.000000 -0.308000 0.000000 -0.313000
0.000000 -0.432000 0.000000 -0.578000
0.000000 -0.359000 0.000000 -1.118000
0.000000 0.017000 0.000000 -2.303000
0.000000 0.664000 0.000000 -3.978000
0.000000 0.223000 0.000000 -5.299000
305.511000 -1.939000 391.185000 -5.838000
287.577000 10.879000 367.743000 12.899000
-25.381000 12.444000 -32.748000 16.031000
-16.580000 -0.129000 -19.684000 0.075000
-19.401000 0.029000 -19.674000 0.089000
-19.361000 0.030000 -18.382000 0.134000
-18.504000 -0.025000 -16.429000 0.005000
-17.361000 -0.202000 -11.888000 0.112000
-16.130000 -0.243000 -10.395000 0.216000
-15.829000 -0.153000 -10.920000 0.143000
-14.271000 -0.092000 -9.713000 0.089000
-12.082000 -0.111000 -8.866000 0.002000
-10.074000 -0.083000 -8.307000 -0.227000
-7.190000 0.030000 -8.191000 -0.197000
-3.713000 0.045000 -8.826000 -0.032000
0.052000 0.392000 -9.872000 -0.148000
5.345000 0.176000 -10.262000 -0.158000
8.009000 0.062000 -11.980000 -0.112000
7.611000 0.115000 -15.606000 -0.099000
10.411000 0.001000 -14.497000 -0.071000
13.244000 0.029000 -6.973000 -0.044000
13.468000 -0.057000 0.765000 0.041000
12.217000 -0.016000 5.124000 0.095000
10.194000 -0.184000 6.615000 0.059000
8.283000 -0.148000 6.954000 0.000000
6.907000 0.036000 5.640000 -0.121000
5.977000 -0.066000 4.440000 0.029000
4.578000 -0.091000 4.090000 0.134000
2.854000 0.031000 3.898000 0.035000
1.045000 0.073000 4.098000 -0.019000
0.014000 0.099000 4.138000 -0.101000
-0.661000 0.097000 3.736000 -0.108000
-0.896000 0.021000 3.003000 -0.085000
-0.934000 0.061000 2.761000 -0.061000
-0.590000 0.117000 2.341000 -0.123000
-0.412000 0.050000 1.986000 -0.148000
-0.123000 0.139000 1.842000 -0.129000
0.193000 0.159000 1.973000 -0.060000
0.397000 -0.097000 2.488000 -0.011000
1.004000 -0.159000 2.982000 0.110000
1.625000 -0.019000 3.502000 0.082000
2.512000 0.080000 3.894000 0.055000
3.100000 0.022000 4.601000 0.087000
3.286000 -0.204000 5.817000 -0.070000
3.795000 -0.168000 6.937000 -0.021000
4.411000 -0.031000 8.200000 0.029000
4.937000 -0.251000 9.604000 0.076000
5.496000 -0.304000 10.595000 0.133000
5.871000 -0.031000 11.585000 -0.050000
6.365000 0.014000 12.676000 -0.048000
7.752000 -0.002000 13.202000 0.029000
7.610000 0.001000 14.908000 -0.002000
5.323000 0.012000 17.413000 0.101000
4.003000 0.087000 18.051000 0.223000
4.051000 0.290000 16.742000 0.171000
-286.711000 -13.227000 -362.250000 -15.057000
-288.824000 -12.314000 -370.066000 -12.118000
0.000000 2.319000 0.000000 5.601000
0.000000 2.163000 0.000000 5.208000
0.000000 1.079000 0.000000 5.896000
0.000000 0.411000 0.000000 5.256000
308.353000 0.561000 406.152000 2.514000
0.000000 0.479000 0.000000 0.051000
-308.353000 0.452000 -406.152000 -1.903000
0.000000 0.275000 0.000000 -2.644000
0.000000 0.388000 0.000000 -1.889000
0.000000 0.229000 0.000000 -1.050000
0.000000 -0.227000 0.000000 -0.164000
0.000000 -0.334000 0.000000 0.873000
0.000000 -0.725000 0.000000 1.376000
0.000000 -1.000000 0.000000 1.100000
0.000000 0.000000 0.000000 0.000000
