0.313378 1.90723 282.179 340.724 394.388 139.248 8.94427 9.21954 9.89949 9.21954
0.28729 1.85322 281.568 340.884 394.418 138.341 8.94427 9.21954 9.89949 9.21954
-0.626489 -0.626489 318.065 318.065 394.47 394.47 9.21954 9.21954 9.21954 9.21954
0.236683 1.90289 280.891 340.755 393.165 138.091 8.94427 9.21954 9.89949 9.21954
1.85462 1.85462 340.798 340.798 138.526 138.526 9.89949 9.21954 9.89949 9.21954
0.28219 1.85711 281.64 340.626 394.481 138.27 8.94427 9.21954 9.89949 9.21954
0.237714 1.86499 280.44 340.405 393.056 138.658 8.94427 9.21954 9.89949 9.21954
1.86499 1.86499 340.405 340.405 138.658 138.658 9.89949 9.21954 9.89949 9.21954
0.131865 1.86499 276.265 340.405 392.178 138.658 9.21954 9.21954 9.89949 9.21954
1.85199 1.85199 340.504 340.504 138.601 138.601 9.89949 9.21954 9.89949 9.21954
1.87243 1.87243 340.472 340.472 138.682 138.682 9.89949 9.21954 9.89949 9.21954
1.89103 1.89103 340.502 340.502 138.609 138.609 9.89949 9.21954 9.89949 9.21954
0.224996 1.90304 279.908 340.625 393.527 138.96 8.94427 9.21954 9.89949 9.21954
0.31206 1.84751 281.692 340.858 394.909 138.316 8.94427 9.21954 9.89949 9.21954
1.86734 1.86734 340.797 340.797 139.031 139.031 9.89949 9.21954 9.89949 9.21954
1.87701 1.87701 341.127 341.127 138.434 138.434 9.89949 9.21954 9.89949 9.21954
1.82242 1.82242 341.345 341.345 138.678 138.678 9.89949 9.21954 9.89949 9.21954
1.85854 1.85854 341.137 341.137 139.158 139.158 9.89949 9.21954 9.89949 9.21954
0.276054 1.81719 282.166 341.407 393.588 138.926 8.94427 9.21954 9.89949 9.21954
1.84549 1.84549 341.789 341.789 138.988 138.988 9.89949 9.21954 9.89949 9.21954
1.85453 1.85453 342.436 342.436 138.998 138.998 9.89949 9.21954 9.89949 9.21954
1.90304 1.90304 342.361 342.361 140.44 140.44 9.89949 9.21954 9.89949 9.21954
0.239052 1.90983 283.114 342.679 393.648 140.675 8.94427 9.21954 9.89949 9.21954
0.260992 1.92953 281.278 343.174 393.595 140.326 8.94427 9.21954 9.89949 9.21954
1.97026 1.97026 343.953 343.953 140.265 140.265 9.89949 9.21954 9.89949 9.21954
0.206833 1.9738 278.954 343.757 393.327 142.09 8.94427 9.21954 9.89949 9.21954
1.55144 1.92348 182.7 344.295 380.032 142.581 9.89949 9.21954 9.89949 9.21954
1.379 1.96991 172.483 345.457 371.302 142.044 10 9.43398 9.89949 9.21954
-0.698159 2.02585 162.493 345.909 362.518 142.29 8.24621 8 9.89949 9.21954
2.3556 2.01956 153.196 346.663 352.522 142.965 9 9 9.89949 9.21954
-0.412592 2.17987 144.747 347.232 342.361 143.507 8.94427 8.544 9.21954 9.21954
-0.293438 2.08147 137.485 347.902 331.272 143.88 8.60233 8.94427 9.89949 9.21954
-0.231425 2.07909 131.421 348.726 320.208 143.969 8.60233 8.06226 9.89949 9.21954
-0.139565 2.08748 126.195 349.415 308.899 144.234 9.21954 8.60233 9.89949 9.21954
-0.172639 2.06878 122.195 349.845 297.032 145.503 9.21954 8.06226 9.89949 9.21954
-0.1235 2.23341 118.649 350.966 285.087 145.347 9.21954 8.06226 9.21954 9.21954
-0.0440395 2.13156 116.333 351.504 273.008 145.51 9.21954 8.48528 9.89949 9.21954
0.0068267 2.10373 115.444 352.424 260.59 146.038 9.21954 8.48528 9.89949 9.21954
0.10265 2.16713 115.487 352.774 247.998 146.584 8.60233 8.48528 9.89949 9.21954
0.129911 2.26073 116.489 353.074 235.735 147.243 9.43398 8.06226 9.89949 9.21954
0.132014 2.11402 118.555 353.534 223.55 147.548 9.43398 8.48528 9.89949 9.21954
0.19161 2.27137 121.623 354.214 211.541 147.601 8.94427 8.06226 9.89949 9.21954
0.258875 2.24488 126.427 354.594 199.666 147.673 8.94427 8.06226 9.21954 9.21954
0.279986 2.21782 132.143 354.904 187.992 147.703 8.94427 8.94427 9 9.21954
0.389102 2.24477 139.136 354.737 176.408 148.515 9.48683 8.94427 9.21954 9.21954
0.468436 2.24594 148.841 355.098 164.974 148.575 9.21954 8.94427 9.21954 9.21954
0.672594 -0.760602 162.208 355.076 155.028 148.79 9 8.24621 9.21954 9.21954
1.01585 2.29746 179.036 355.329 147.107 148.812 9.21954 9.21954 9.21954 9.21954
1.34771 2.32359 192.88 355.509 132.606 148.735 9.43398 9.21954 9.21954 9.21954
1.6728 2.24766 212.375 355.613 124.082 148.91 10 9.21954 9.89949 9.21954
2.08606 2.259 232.392 355.583 125.635 148.825 9.48683 8.24621 9.89949 9.21954
2.21081 2.21081 355.567 355.567 148.975 148.975 9.89949 9.21954 9.89949 9.21954
2.1715 2.1715 355.811 355.811 148.807 148.807 9.89949 9.21954 9.89949 9.21954
2.2178 2.2178 355.427 355.427 149.254 149.254 9.89949 9.21954 9.89949 9.21954
2.21179 2.21179 355.638 355.638 149.562 149.562 9.89949 9.21954 9.89949 9.21954
2.24469 2.24469 355.962 355.962 149.579 149.579 9 9.21954 9 9.21954
2.22882 2.22882 356.374 356.374 149.55 149.55 9.89949 9.21954 9.89949 9.21954
2.2479 2.2479 356.712 356.712 149.41 149.41 9 9.21954 9 9.21954
2.26635 2.26635 356.671 356.671 149.853 149.853 9.89949 9.21954 9.89949 9.21954
2.21651 2.21651 356.282 356.282 150.441 150.441 9.21954 9.21954 9.21954 9.21954
2.19871 2.19871 356.993 356.993 150.214 150.214 9.89949 9.21954 9.89949 9.21954
2.21803 2.21803 357.645 357.645 150.002 150.002 9.21954 9.21954 9.21954 9.21954
-0.742856 -0.742856 317.857 317.857 394.724 394.724 9 9.21954 9 9.21954
2.17681 2.17681 357.741 357.741 150.069 150.069 9.89949 9.21954 9.89949 9.21954
2.20794 2.20794 358.087 358.087 149.887 149.887 9.89949 9.21954 9.89949 9.21954
2.17815 2.17815 358.342 358.342 149.79 149.79 9.89949 9.21954 9.89949 9.21954
2.17082 2.17082 358.361 358.361 149.819 149.819 9.89949 9.21954 9.89949 9.21954
-0.681935 -0.681935 318.148 318.148 394.722 394.722 9.21954 9.21954 9.21954 9.21954
2.17681 2.17681 357.741 357.741 150.069 150.069 9.89949 9.21954 9.89949 9.21954
2.16572 2.16572 357.549 357.549 150.062 150.062 9.21954 9.21954 9.21954 9.21954
2.18606 2.18606 357.457 357.457 150.085 150.085 9.21954 9.21954 9.21954 9.21954
0.737426 2.20422 298.916 357.507 213.114 149.442 9 9 9.21954 9.21954
0.809985 2.30502 298.391 356.749 214.417 149.942 9.05539 9 9 9.21954
0.670169 -0.784539 297.579 357.088 215.084 149.037 9.05539 8.06226 9.21954 9.21954
0.789403 2.15588 296.916 356.755 216.614 148.838 9.05539 9 9.89949 9.21954
0.689862 2.18805 296.046 356.338 217.951 149.078 9 8.06226 9.89949 9.21954
0.699879 -0.219989 295.133 321.975 219.51 394.415 9 8.06226 9.21954 9.21954
0.691674 2.26787 294.107 355.87 221.742 148.516 9 8.06226 9.89949 9.21954
0.576179 -0.630825 292.913 317.326 224.226 394.811 9.05539 8.06226 9.21954 9.21954
0.677508 -0.638754 291.917 317.535 227.485 394.782 9 8.06226 9.21954 9.21954
0.689424 2.13919 290.974 355.305 231.203 148.221 9.05539 8.06226 9.21954 9.21954
0.45758 2.18531 290.341 355.322 235.615 147.943 9.21954 8.24621 9.89949 9.21954
0.494804 2.20961 289.854 355.186 240.634 147.778 9.21954 8.24621 9.89949 9.21954
0.434689 2.23851 289.182 354.577 246.46 148.168 9.48683 8.24621 9.21954 9.21954
0.381234 2.22335 288.457 355.075 252.582 147.496 9.48683 8.24621 9.89949 9.21954
0.368172 2.21366 287.655 354.619 259.194 147.59 9.48683 8.06226 9.21954 9.21954
0.334697 2.18469 286.05 354.243 266.415 147.631 9.48683 8.06226 9.89949 9.21954
0.326486 2.13569 284.599 354.098 274.021 147.647 9.84886 8.06226 9.89949 9.21954
0.272084 2.08859 282.58 353.687 282.073 147.251 8.94427 8.06226 9.89949 9.21954
0.395515 1.97994 280.477 353.991 290.616 146.024 9.48683 8.24621 9.89949 9.21954
0.363944 2.05052 277.795 353.876 299.226 145.62 9.48683 8.06226 9.21954 9.21954
0.439473 2.11421 274.98 353.129 308.17 145.982 9.48683 8.24621 9.89949 9.21954
0.466107 2.11868 271.549 352.702 317.317 145.803 9.48683 8.24621 9.21954 9.21954
0.560701 2.04246 267.621 352.179 326.614 145.873 9.21954 8.24621 9.89949 9.21954
0.66506 1.96848 262.741 352.068 335.658 145.051 9.05539 8.06226 9.89949 9.21954
0.650115 2.04667 257.589 351.53 344.24 144.817 9.05539 8.06226 9.89949 9.21954
2.01955 2.01955 351.152 351.152 144.626 144.626 9.89949 9.21954 9.89949 9.21954
1.00353 2.00561 247.401 350.71 362.403 144.37 9.21954 9.21954 9.89949 9.21954
2.07879 2.07879 350.182 350.182 144.467 144.467 9.89949 9.21954 9.89949 9.21954
1.98949 1.98949 349.873 349.873 143.657 143.657 9.89949 9.21954 9.89949 9.21954
