0.000000 0.000000 0.000000 0.000000
35.886000 -22.659000 0.082000 255.222000
-0.677000 -0.129000 -1.253000 -0.250000
22.733000 22.733000 -255.944000 -255.944000
0.749000 -0.129000 1.316000 0.179000
-60.358000 -0.393000 254.530000 0.132000
58.765000 -0.221000 -255.823000 0.388000
-4.175000 0.000000 -0.878000 0.000000
0.099000 0.099000 -0.057000 -0.057000
64.207000 0.067000 -253.496000 0.024000
-0.002000 -0.002000 0.008000 0.008000
-60.564000 0.153000 254.845000 0.278000
-58.810000 0.356000 256.300000 -0.293000
60.889000 0.172000 -254.496000 0.071000
59.435000 0.269000 -256.475000 0.118000
0.548000 0.548000 -0.353000 -0.353000
0.010000 0.010000 0.724000 0.724000
-59.179000 0.062000 254.910000 0.248000
0.652000 0.652000 -0.170000 -0.170000
60.270000 1.029000 -254.590000 0.072000
0.572000 0.572000 1.452000 1.452000
-59.322000 0.243000 254.650000 1.677000
-61.083000 0.813000 253.155000 -0.114000
60.839000 1.274000 -253.383000 -0.410000
-2.324000 0.583000 -0.268000 1.764000
-161.253000 0.342000 239.767000 2.316000
-106.471000 1.700000 -22.025000 -0.046000
-20.207000 1.614000 -17.514000 -0.291000
-19.287000 1.206000 -18.780000 0.921000
-17.746000 1.323000 -20.157000 1.217000
-15.711000 1.239000 -21.250000 0.915000
-13.326000 1.494000 -22.153000 0.462000
-11.290000 1.513000 -22.373000 0.354000
-9.226000 1.119000 -23.176000 1.534000
-7.546000 1.551000 -23.812000 1.113000
-5.862000 1.659000 -24.024000 0.007000
-3.205000 1.458000 -24.497000 0.691000
-0.846000 1.270000 -25.010000 1.074000
1.045000 0.650000 -24.855000 1.205000
3.068000 0.760000 -24.448000 0.964000
5.134000 1.140000 -24.194000 0.358000
7.872000 1.060000 -23.884000 0.125000
10.520000 0.690000 -23.549000 0.102000
12.709000 0.143000 -23.258000 0.842000
16.698000 0.194000 -23.018000 0.872000
23.072000 0.339000 -21.380000 0.275000
30.195000 0.231000 -17.867000 0.237000
30.672000 0.433000 -22.422000 -0.055000
33.339000 0.284000 -23.025000 0.098000
39.512000 0.074000 -6.971000 0.090000
143.192000 -0.046000 24.893000 0.065000
123.419000 0.228000 23.172000 -0.018000
-0.140000 -0.140000 0.279000 0.279000
-0.173000 -0.173000 0.755000 0.755000
0.535000 0.535000 0.325000 0.325000
0.736000 0.736000 -0.012000 -0.012000
0.750000 0.750000 -0.169000 -0.169000
0.297000 0.297000 0.303000 0.303000
-0.430000 -0.430000 1.031000 1.031000
0.322000 0.322000 0.361000 0.361000
1.363000 1.363000 -0.439000 -0.439000
-39.136000 -39.136000 244.510000 244.510000
0.096000 0.096000 0.067000 0.067000
40.230000 40.230000 -244.837000 -244.837000
0.601000 0.601000 -0.279000 -0.279000
0.274000 0.274000 -0.068000 -0.068000
-40.194000 -40.194000 244.932000 244.932000
-0.620000 -0.620000 0.250000 0.250000
39.401000 39.401000 -244.660000 -244.660000
-0.284000 -0.284000 0.016000 0.016000
-58.633000 -0.042000 63.052000 -0.620000
-59.066000 -0.708000 64.332000 -0.143000
-1.337000 -0.419000 1.970000 -0.405000
-1.475000 0.006000 2.197000 -1.104000
-1.533000 -0.750000 2.867000 0.041000
-1.783000 -34.780000 2.896000 245.577000
-1.939000 -0.468000 3.791000 -0.562000
-2.220000 -4.649000 4.716000 0.396000
-2.190000 -38.335000 5.743000 246.266000
-1.939000 37.979000 6.977000 -246.590000
-1.576000 37.787000 8.130000 -246.839000
-1.120000 -0.119000 9.431000 -0.443000
-1.159000 -0.745000 10.845000 0.225000
-1.397000 -0.111000 11.948000 -0.282000
-1.527000 0.042000 12.734000 -0.578000
-2.407000 -0.832000 13.833000 0.135000
-3.056000 -0.521000 14.827000 0.057000
-3.470000 -0.556000 15.658000 -0.380000
-4.122000 -0.107000 16.595000 -1.623000
-4.785000 0.189000 17.153000 -1.631000
-5.497000 -0.862000 17.554000 -0.042000
-6.246000 -1.174000 18.091000 0.183000
-7.359000 -0.950000 18.444000 -0.109000
-8.808000 -0.634000 18.341000 -0.752000
-10.032000 -0.649000 17.626000 -1.056000
88.411000 -0.916000 -191.032000 -0.425000
-10.188000 -0.820000 18.163000 -0.447000
-0.970000 -0.970000 -0.159000 -0.159000
102.472000 -0.837000 -218.746000 -0.713000
0.000000 0.000000 0.000000 0.000000
