0.000000 0.000000 0.000000 0.000000
-0.407000 -0.082000 -0.141000 0.014000
-0.083000 -0.144000 -0.234000 0.152000
0.667000 0.146000 -0.261000 0.010000
1.688000 0.097000 -0.524000 -0.028000
1.729000 -0.243000 -1.155000 -0.031000
2.090000 0.013000 -1.748000 -0.112000
2.533000 -0.094000 -2.706000 0.053000
2.163000 -0.158000 -3.448000 -0.022000
4.010000 -0.208000 -3.617000 0.020000
5.086000 -0.044000 -3.934000 0.014000
3.549000 0.300000 -4.499000 -0.152000
-0.956000 0.181000 -5.873000 0.122000
-5.999000 0.165000 -8.576000 0.221000
-5.920000 -0.054000 -9.617000 0.206000
-3.229000 -0.089000 -9.753000 0.014000
-2.487000 0.123000 -10.459000 -0.128000
-0.003000 -0.081000 -9.950000 0.084000
1.047000 0.018000 -10.826000 -0.030000
-0.262000 0.143000 -12.752000 -0.161000
-1.092000 -0.066000 -12.297000 -0.149000
-1.496000 0.102000 -12.009000 -0.085000
1.798000 -0.043000 -13.480000 -0.033000
1.338000 0.041000 -12.669000 0.033000
-0.273000 0.238000 -11.658000 -0.090000
0.327000 -0.226000 -11.238000 -0.018000
0.665000 -0.210000 -10.275000 0.220000
0.835000 -0.067000 -9.218000 0.100000
0.962000 -0.103000 -8.009000 -0.104000
1.552000 -0.095000 -6.882000 -0.241000
2.057000 -0.127000 -5.507000 -0.079000
27.422000 0.102000 112.621000 0.002000
26.033000 -0.040000 115.205000 -0.136000
-0.643000 0.013000 0.164000 -0.165000
-0.918000 0.142000 0.285000 -0.168000
0.380000 -0.053000 -0.031000 -0.049000
0.428000 -0.047000 -0.151000 0.165000
-0.404000 0.105000 0.001000 -0.089000
0.463000 0.066000 0.016000 -0.146000
-15.823000 0.006000 -112.747000 -0.100000
-16.341000 0.056000 -111.022000 0.029000
0.118000 0.042000 3.504000 0.048000
0.060000 -0.002000 3.234000 0.038000
0.241000 0.123000 2.390000 0.028000
-0.970000 0.011000 2.907000 0.009000
-0.575000 -0.041000 2.439000 0.157000
1.049000 0.043000 0.800000 -0.012000
0.342000 0.020000 0.748000 0.012000
-0.300000 0.091000 1.053000 -0.005000
-0.160000 0.055000 1.055000 0.018000
-0.601000 0.108000 0.711000 0.032000
-0.741000 -0.104000 0.337000 0.177000
0.598000 -0.042000 -1.124000 0.067000
0.792000 0.124000 -1.992000 -0.024000
0.124000 -0.025000 -1.753000 0.037000
-0.004000 0.018000 -1.574000 -0.020000
0.107000 0.038000 -1.348000 -0.072000
0.599000 -0.103000 -1.114000 0.064000
0.766000 -0.027000 -0.603000 0.005000
0.721000 -0.041000 -0.179000 -0.077000
0.441000 -0.056000 0.302000 0.144000
0.027000 -0.072000 0.743000 0.093000
0.245000 -0.197000 0.435000 -0.137000
0.262000 -0.054000 0.609000 0.005000
0.361000 0.023000 0.970000 0.088000
0.156000 -0.031000 1.209000 -0.021000
0.008000 -0.054000 1.430000 0.004000
-0.020000 -0.067000 1.477000 0.003000
0.050000 0.076000 1.298000 -0.091000
-0.091000 0.075000 1.414000 -0.245000
0.153000 -0.050000 1.066000 -0.062000
0.728000 0.167000 0.115000 -0.165000
-0.369000 -0.100000 0.591000 -0.087000
-0.879000 -0.159000 0.669000 0.151000
-0.931000 0.149000 0.158000 0.015000
-0.810000 -0.234000 -0.037000 -0.080000
-0.329000 -0.272000 -0.402000 -0.105000
-0.232000 0.110000 -0.326000 -0.006000
-0.002000 0.136000 -0.232000 0.002000
0.128000 -0.109000 -0.093000 -0.016000
0.376000 -0.136000 -0.025000 0.137000
-0.074000 -0.091000 0.512000 0.046000
0.025000 -0.011000 0.602000 -0.060000
0.232000 0.051000 0.384000 0.037000
-0.727000 -0.048000 1.263000 0.031000
-0.324000 0.050000 1.403000 -0.036000
0.501000 0.101000 1.347000 0.013000
0.307000 0.035000 2.417000 -0.063000
0.635000 0.035000 3.098000 -0.066000
0.845000 0.147000 3.710000 0.019000
0.661000 0.409000 5.084000 -0.089000
0.657000 0.039000 6.379000 -0.058000
0.831000 -0.181000 7.258000 0.172000
0.490000 -0.086000 8.458000 0.193000
-0.538000 0.054000 10.022000 0.159000
-0.822000 0.121000 10.793000 0.204000
-1.067000 -0.018000 11.551000 0.254000
-3.169000 0.371000 12.266000 -0.191000
-3.522000 0.299000 11.868000 -0.363000
0.000000 0.000000 0.000000 0.000000
