0.000000 0.000000 0.000000 0.000000
0.058000 0.058000 0.122000 0.122000
-19.210000 0.189000 253.585000 -0.210000
4.211000 23.026000 0.134000 -254.055000
-0.222000 0.190000 0.381000 -0.065000
19.194000 0.379000 -253.940000 0.249000
-3.270000 -23.081000 -0.363000 253.878000
0.108000 0.108000 -0.242000 -0.242000
-36.663000 23.845000 -1.061000 -254.297000
-59.831000 0.366000 253.860000 -0.075000
60.548000 0.040000 -253.075000 0.161000
-0.890000 0.247000 -1.339000 -0.274000
-58.969000 0.333000 253.954000 -0.335000
-66.265000 -58.082000 -17.093000 254.489000
59.321000 0.019000 -253.980000 0.309000
-6.124000 58.201000 -24.199000 -254.288000
-135.040000 -21.736000 195.847000 254.139000
-1.326000 0.000000 -31.329000 0.000000
1.443000 0.225000 -30.888000 0.404000
4.213000 -21.290000 -29.386000 254.688000
7.391000 0.884000 -27.876000 -0.297000
11.336000 0.170000 -25.788000 0.247000
14.962000 -0.147000 -23.358000 0.459000
17.710000 0.160000 -20.301000 -0.132000
19.782000 0.032000 -16.526000 -0.277000
21.082000 -0.477000 -12.792000 -0.482000
20.920000 -0.606000 -8.682000 0.284000
19.914000 0.985000 -4.411000 0.214000
17.771000 0.070000 -0.171000 0.107000
14.769000 -0.877000 3.472000 0.124000
11.493000 0.153000 6.269000 -0.612000
6.928000 0.002000 5.050000 -0.038000
3.012000 -0.300000 2.697000 0.474000
0.940000 -0.369000 2.708000 0.070000
-0.226000 21.716000 2.892000 -253.060000
-0.821000 -0.812000 3.623000 0.418000
-1.765000 -21.100000 3.583000 253.051000
-3.337000 1.608000 3.363000 -0.589000
-4.758000 0.695000 2.840000 -0.306000
-5.649000 23.147000 1.507000 -252.622000
-6.598000 0.614000 -0.199000 0.247000
-7.089000 -22.334000 -1.718000 252.840000
-7.072000 -0.739000 -2.982000 0.027000
-6.240000 -0.779000 -4.718000 -0.332000
-4.701000 -1.029000 -5.816000 0.105000
-2.585000 0.206000 -6.223000 0.169000
0.153000 0.833000 -5.828000 -0.023000
3.338000 -0.781000 -4.028000 0.004000
6.532000 -0.164000 -1.871000 -0.153000
8.939000 -0.162000 -0.095000 0.145000
9.808000 -1.156000 2.036000 0.224000
9.247000 0.191000 3.665000 -0.058000
7.873000 0.373000 4.369000 -0.035000
6.214000 0.459000 4.229000 0.319000
3.246000 -0.386000 2.252000 -0.061000
1.296000 -0.812000 0.703000 -0.256000
0.875000 0.475000 0.228000 -0.221000
-0.044000 0.301000 -0.126000 -0.256000
-0.482000 -0.057000 -0.178000 0.350000
-0.430000 0.490000 -0.326000 -0.061000
-0.368000 1.865000 0.165000 -0.454000
-0.156000 1.155000 0.613000 -0.040000
0.017000 -1.562000 0.496000 0.569000
-0.361000 23.489000 0.254000 -251.853000
-0.532000 -0.602000 0.090000 -0.150000
-0.486000 -25.241000 0.121000 252.479000
-0.370000 1.459000 0.054000 -0.036000
-0.197000 1.423000 0.046000 -0.390000
-0.026000 -0.689000 0.060000 -0.134000
-0.126000 -1.905000 0.006000 0.045000
-0.276000 23.726000 -0.067000 -251.988000
-0.627000 -2.826000 -0.047000 -0.144000
-0.613000 -23.539000 -0.050000 251.992000
-0.327000 27.072000 0.008000 -251.971000
-0.314000 -1.977000 -0.077000 0.240000
-0.235000 -23.412000 -0.112000 252.257000
-0.307000 2.027000 0.261000 -0.376000
-0.476000 0.305000 0.448000 -0.067000
-0.696000 -0.535000 0.447000 0.039000
-0.997000 0.838000 0.637000 -0.096000
-0.869000 22.730000 1.226000 -252.953000
-1.176000 -1.245000 2.264000 -0.039000
-1.807000 -22.816000 3.255000 253.097000
-1.987000 0.775000 4.254000 -0.103000
-2.638000 22.700000 5.521000 -253.950000
-3.454000 -1.320000 6.619000 0.305000
-4.194000 -22.519000 8.218000 253.759000
-4.990000 1.119000 10.510000 -0.232000
-5.302000 0.854000 12.429000 -0.346000
-5.789000 -0.038000 14.517000 -0.147000
-6.386000 -0.291000 16.678000 0.424000
-6.713000 0.135000 18.779000 0.083000
-7.918000 -1.322000 20.755000 0.229000
-9.584000 -0.364000 21.945000 0.098000
-10.796000 1.410000 22.672000 -0.123000
-11.384000 -0.827000 22.718000 -0.380000
-11.716000 -4.179000 21.185000 -0.351000
-10.552000 -25.870000 18.323000 0.209000
-9.077000 -41.118000 17.848000 -1.169000
0.000000 0.000000 0.000000 0.000000
