0.000000 0.000000 0.000000 0.000000
292.627000 7.282000 372.596000 8.350000
287.805000 7.649000 359.414000 11.288000
-10.384000 0.247000 -27.167000 0.043000
-11.934000 0.332000 -27.693000 0.040000
-12.689000 0.258000 -27.436000 0.000000
-10.958000 0.083000 -27.318000 -0.025000
-8.640000 -0.089000 -26.150000 0.201000
-6.094000 -0.255000 -23.999000 0.300000
-2.714000 -0.215000 -21.920000 0.061000
0.340000 -0.440000 -19.279000 0.069000
3.417000 -0.435000 -15.502000 0.137000
6.450000 -0.064000 -11.382000 0.016000
9.047000 -0.199000 -7.238000 -0.113000
-265.609000 -0.281000 -249.743000 -0.198000
-270.664000 0.010000 -247.183000 -0.184000
0.000000 0.286000 0.000000 -0.225000
295.207000 0.212000 260.484000 -0.163000
299.777000 0.182000 268.275000 -0.024000
6.965000 0.520000 10.712000 -0.122000
2.206000 0.557000 5.111000 -0.232000
-0.453000 0.138000 3.476000 -0.022000
-0.732000 0.148000 2.098000 0.135000
-1.234000 0.184000 2.058000 0.151000
-1.206000 0.165000 2.559000 0.093000
-0.805000 0.428000 2.931000 -0.217000
-1.002000 0.373000 3.122000 -0.242000
-1.583000 0.053000 2.129000 0.036000
-2.547000 -0.050000 0.920000 0.188000
-3.426000 -0.162000 -0.537000 0.226000
-4.012000 -0.363000 -2.781000 0.114000
-4.294000 -0.053000 -5.076000 -0.173000
-4.347000 0.114000 -7.252000 -0.208000
-4.158000 0.002000 -8.758000 0.029000
-3.311000 -0.201000 -9.122000 0.073000
-2.005000 -0.229000 -8.758000 0.069000
-284.826000 0.133000 -262.930000 0.188000
-284.214000 -0.019000 -258.661000 0.016000
0.000000 0.076000 0.000000 -0.111000
0.000000 0.222000 0.000000 0.072000
0.000000 -0.075000 0.000000 0.046000
0.000000 -0.070000 0.000000 0.054000
302.355000 0.060000 261.666000 0.022000
305.138000 0.073000 266.787000 -0.095000
3.388000 -0.080000 6.958000 -0.012000
1.010000 -0.182000 3.767000 -0.053000
-0.002000 -0.089000 3.323000 -0.113000
-0.906000 0.115000 2.392000 0.004000
-0.794000 0.283000 1.993000 -0.013000
-0.278000 0.130000 2.262000 -0.019000
-0.415000 0.066000 2.433000 -0.115000
-0.900000 0.313000 1.514000 -0.227000
-1.664000 0.196000 0.251000 0.203000
-2.705000 -0.132000 -1.212000 0.249000
-3.668000 -0.302000 -3.060000 0.091000
-4.663000 -0.225000 -4.959000 0.195000
-4.956000 -0.072000 -6.726000 -0.105000
-4.816000 0.006000 -7.622000 -0.225000
-4.364000 -0.168000 -7.908000 -0.033000
-291.880000 -0.144000 -262.929000 0.183000
-289.880000 0.019000 -258.930000 0.085000
0.000000 0.062000 0.000000 -0.103000
0.000000 0.028000 0.000000 -0.052000
0.000000 -0.052000 0.000000 0.002000
0.000000 -0.052000 0.000000 0.087000
0.000000 0.166000 0.000000 0.086000
301.265000 0.021000 259.228000 -0.051000
304.031000 -0.108000 264.786000 -0.039000
4.808000 0.126000 10.027000 -0.009000
2.558000 0.051000 6.449000 0.010000
0.682000 0.134000 4.121000 0.026000
-0.042000 0.156000 3.984000 -0.048000
-0.307000 0.043000 3.829000 -0.013000
-0.446000 0.120000 3.320000 -0.299000
-0.355000 0.238000 2.656000 -0.333000
-0.108000 0.198000 3.037000 -0.030000
0.103000 -0.181000 3.159000 0.123000
0.178000 -0.296000 3.203000 0.432000
0.065000 -0.225000 3.442000 0.186000
-0.232000 -0.288000 3.127000 -0.044000
-0.688000 -0.024000 2.969000 -0.001000
-0.958000 -0.015000 3.356000 -0.105000
-0.608000 -0.077000 3.664000 0.007000
-0.638000 -0.047000 4.305000 0.012000
-0.969000 0.094000 5.193000 -0.166000
-0.693000 0.150000 5.988000 -0.123000
-0.504000 -0.020000 6.786000 0.147000
-0.364000 0.065000 7.625000 0.046000
-0.618000 0.030000 8.573000 -0.089000
0.076000 -0.026000 8.925000 0.081000
0.772000 0.071000 9.429000 0.122000
0.352000 0.024000 10.099000 -0.024000
0.458000 0.070000 10.478000 0.104000
0.728000 0.089000 10.607000 0.080000
0.613000 -0.031000 10.764000 -0.004000
1.382000 0.020000 10.398000 0.075000
1.640000 -0.070000 10.395000 -0.004000
1.659000 -0.070000 11.004000 -0.084000
1.791000 -0.028000 11.414000 -0.013000
0.000000 0.000000 0.000000 0.000000
