0.0712863 -0.598939 266.062 387.237 357.114 348.292 8.60233 8.48528 8.24621 8.24621
0.0662046 -0.532556 265.758 387.215 357.096 348.291 8.60233 8.48528 8.544 8.24621
0.038794 -0.527485 265.655 387.155 356.973 348.306 9.21954 8.48528 8.544 8.24621
0.0359956 -0.544806 265.675 387.071 356.862 348.443 9.21954 8.48528 8.24621 8.24621
0.0586599 -0.530559 266.322 387.301 356.712 348.316 8.60233 8.48528 8.24621 8.24621
0.0571871 -0.558622 267.363 387.168 356.338 348.415 8.60233 8.48528 8.544 8.24621
0.091355 -0.556188 268.051 387.058 355.557 348.285 8.60233 8.48528 8.544 8.24621
0.0785422 -0.557181 269.453 387.181 354.59 348.303 8.60233 8.48528 8.544 8.24621
0.117494 -0.501679 270.584 386.964 352.851 348.338 8.60233 8.48528 8.544 8.24621
0.067289 -0.579845 271.616 387.023 351.142 348.281 8.60233 8.48528 8.24621 8.24621
0.0924844 -0.561939 274.594 386.756 349.234 348.358 8.60233 8.48528 8.544 8.24621
0.0967956 -0.650484 276.702 386.979 347.208 348.295 8.60233 8.48528 8.06226 8.24621
0.0770399 -0.593618 278.143 387.056 344.735 348.206 8.60233 8.48528 8.24621 8.24621
0.100381 -0.594001 275.746 387.16 341.335 348.417 9.43398 8.48528 8.24621 8.24621
-0.0831896 -0.615732 272.144 387.221 336.159 348.427 8.48528 8.48528 8.24621 8.24621
-0.166969 -0.645908 269.826 387.106 331.718 348.623 9.21954 8.48528 8.06226 9
-0.237438 -0.59027 268.915 387.132 326.406 348.441 8.60233 8.24621 8.544 8.24621
-0.316317 -0.622378 267.339 387.229 321.259 348.495 8.94427 8.24621 8.24621 8.24621
-0.359148 -0.665547 268.912 387.051 316.456 348.525 8.94427 8.24621 8.06226 9
-0.435157 -0.662361 268.386 387.247 310.433 348.465 8.94427 8.24621 8.06226 9
-0.488219 -0.629473 268.65 387.194 303.704 348.364 8.544 8.24621 8.24621 8.24621
-0.557192 -0.614084 267.294 387.181 298.136 348.316 8.24621 8.06226 8.24621 8.24621
-0.573348 -0.639112 267.154 387.296 291.695 348.279 8.544 8.06226 8.24621 8.24621
-0.593749 -0.716367 269.092 387.138 284.656 348.283 8.24621 9 8.06226 9
-0.622007 -0.669112 268.492 387.337 279.026 348.312 8.24621 8.06226 8.06226 9
-0.594247 -0.696612 268.819 387.376 272.998 348.193 8.24621 8.06226 8.24621 9
-0.592895 -0.710903 268.819 387.111 267.788 348.294 8.24621 8.06226 8.06226 9
-0.646734 -0.714552 269.484 387.166 262.723 348.413 8.24621 8.06226 8.06226 9
-0.660419 -0.714115 269.654 387.044 258.57 348.394 8.24621 8.06226 8.06226 9
-0.660972 -0.703274 270.446 387.063 254.714 348.309 8.24621 8.06226 8.06226 9
-0.69843 -0.742821 271.206 386.949 251.688 348.153 8.06226 8.06226 8.06226 9
-0.647262 -0.730189 272.503 386.936 249.207 348.23 8.24621 8.06226 8.06226 9
-0.181328 -0.610818 298.628 387.051 364.309 348.155 9.21954 9.21954 8.24621 8.24621
-0.168315 -0.63273 298.536 386.896 364.412 348.094 9.21954 9.21954 8.24621 8.24621
-0.185401 -0.633495 297.985 387.064 364.473 347.99 9.21954 9.21954 8.24621 8.24621
-0.180936 -0.713169 297.618 387.038 364.697 347.926 9.21954 9.21954 8.24621 9
-0.162462 -0.57994 298.365 387.011 364.442 347.941 9.21954 9.21954 8.24621 8.24621
-0.17426 -0.701461 298.046 386.991 364.546 348.091 9.21954 9.21954 8.06226 9
-0.143256 -0.609477 297.961 387.116 364.443 347.852 9.21954 9.21954 8.24621 8.24621
-0.174654 -0.585744 298.509 387.057 364.562 347.945 9.21954 9.21954 8.24621 8.24621
-0.63148 -0.60331 282.138 387.122 251.696 347.752 8.24621 8.06226 8.24621 8.24621
-0.614506 -0.632368 282.168 387.113 253.54 347.974 8.24621 9 8.24621 8.24621
-0.704169 -0.636352 282.256 387.164 255.2 347.8 8.06226 9 8.06226 8.24621
-0.660933 -0.669116 282.228 387.111 256.774 348.012 8.24621 9 8.06226 8.24621
-0.647225 -0.653324 282.497 387.287 257.59 347.828 8.24621 9 8.06226 8.24621
-0.696317 -0.694169 281.258 387.122 259.681 348.021 8.06226 9 8.06226 8.24621
-0.706612 -0.642898 281.922 387.246 260.029 347.985 8.06226 9 8.24621 8.24621
-0.699431 -0.704721 282.307 387.165 260.481 348.009 8.06226 9 8.06226 9
-0.721573 -0.669822 282.264 387.266 260.777 347.997 8.06226 9 8.06226 9
-0.697738 -0.683628 282.007 387.256 261.534 348.004 8.06226 9 8.06226 8.24621
-0.735714 -0.65054 282.104 387.321 261.832 348.015 8.06226 9 8.06226 8.24621
-0.683008 -0.670686 281.406 387.364 262.245 348.036 8.06226 9 8.06226 8.24621
-0.690785 -0.663748 281.363 387.217 262.169 348.192 8.06226 9 8.06226 9
-0.665864 -0.682285 282.004 387.322 261.121 348.103 8.24621 9 8.06226 8.24621
-0.699787 -0.680307 282.155 387.341 260.177 348.168 8.06226 9 8.06226 8.24621
-0.690136 -0.656168 282.128 387.297 259.368 348.14 8.06226 9 8.06226 8.24621
-0.692009 -0.66671 282.151 387.359 258.603 348.148 8.06226 9 8.24621 8.24621
-0.72163 -0.62965 282.235 387.335 258.02 348.068 8.06226 8.06226 8.24621 8.24621
-0.706823 -0.621644 282.75 387.256 257.489 348.212 8.06226 8.06226 8.24621 8.24621
-0.692043 -0.609864 283.001 387.308 257.417 348.073 8.06226 8.06226 8.24621 8.24621
-0.713025 -0.632529 283.471 387.215 257.31 348.135 8.06226 8.06226 8.24621 8.24621
-0.669893 -0.692343 283.442 387.252 257.719 348.217 8.06226 9 8.06226 9
-0.690357 -0.699894 283.498 387.143 258.053 348.228 8.06226 8.06226 8.06226 9
-0.676989 -0.64024 283.687 387.055 258.154 348.08 8.06226 8.06226 8.24621 8.24621
-0.685288 -0.701573 283.76 387.089 258.662 348.233 8.06226 8.06226 8.06226 8.24621
-0.705464 -0.67154 284.048 387.078 259.124 348.168 8.06226 8.06226 8.06226 9
-0.713178 -0.660743 283.916 387.058 259.871 348.212 8.06226 9 8.24621 8.24621
-0.714651 -0.694145 284.056 387.024 260.554 348.172 8.06226 9 8.24621 9
-0.740763 -0.67283 283.896 386.991 261.348 348.215 8.06226 9 8.24621 9
-0.69817 -0.604959 284.106 387.1 261.852 348.081 8.06226 9 8.24621 8.24621
-0.675236 -0.628748 283.805 387.066 262.762 347.97 8.06226 9 8.24621 8.24621
-0.737556 -0.724656 284.259 387.05 262.918 348.019 8.06226 9 8.06226 9
-0.711348 -0.5946 284.533 387.233 262.877 347.805 8.06226 9 8.24621 8.24621
-0.712525 -0.686584 283.89 386.95 263.509 347.932 8.06226 9 8.06226 8.24621
-0.719664 -0.742929 283.654 387.074 263.546 347.956 8.06226 9 8.06226 9
-0.683684 -0.669175 282.959 387.099 263.667 347.947 8.06226 9 8.06226 8.24621
-0.700776 -0.667543 282.844 386.84 263.509 347.876 8.06226 9 8.06226 8.24621
-0.75521 -0.720594 282.63 386.827 263.265 347.842 8.06226 9 8.06226 8.24621
-0.705437 -0.662176 282.612 386.95 263.183 347.87 8.06226 9 8.06226 9
-0.733163 -0.697694 282.628 386.963 263.033 347.844 8.06226 9 8.06226 9
-0.736815 -0.633716 282.74 386.841 263.09 347.854 8.06226 9 8.24621 8.24621
-0.73205 -0.679042 283.004 386.827 263.008 347.981 8.06226 9 8.06226 9
-0.718652 -0.678753 282.666 386.75 263.602 347.9 8.06226 9 8.06226 9
-0.719072 -0.642107 283.029 386.816 263.61 347.921 8.06226 9 8.24621 9
-0.732322 -0.630254 282.898 386.801 263.986 347.937 8.06226 9 8.24621 9
-0.713486 -0.66043 282.302 386.768 264.873 347.952 8.06226 9 8.24621 9
-0.687813 -0.693721 282.574 386.851 265.389 347.901 8.06226 9 8.06226 9
-0.694269 -0.651637 282.803 386.869 266.22 347.965 8.06226 9 8.06226 8.24621
-0.672184 -0.665497 282.881 386.886 267.806 347.838 8.06226 9 8.24621 8.24621
-0.694625 -0.699298 283.438 386.904 269.318 347.899 8.06226 9 8.06226 9
-0.67001 -0.668292 283.726 387.033 271.516 347.857 8.24621 9 8.24621 9
-0.637092 -0.629699 284.099 387.313 274.402 347.81 8.24621 9 8.06226 8.24621
-0.596686 -0.624188 284.383 387.072 277.895 347.799 8.24621 9 8.24621 8.24621
-0.576114 -0.618241 284.93 387.132 281.66 347.982 8.24621 8.24621 8.24621 8.24621
-0.551381 -0.616355 284.873 386.986 286.353 347.992 8.544 8.06226 8.24621 8.24621
-0.502548 -0.641645 284.392 387.186 291.682 348.141 8.544 8.94427 8.24621 9
-0.444459 -0.651789 284.051 387.107 297.146 348.196 8.94427 8.94427 8.24621 8.24621
-0.364444 -0.604816 283.325 387.168 303.233 348.395 8.94427 8.24621 8.24621 8.24621
-0.308675 -0.59923 280.882 387.478 309.412 348.005 8.60233 8.24621 8.24621 8.24621
-0.262519 -0.586898 279.803 387.467 315.101 348.032 8.60233 8.24621 8.24621 8.24621
