-0.264524 -0.264524 321.861 321.861 394.45 394.45 9.21954 9.21954 9.21954 9.21954
-0.277148 -0.277148 321.63 321.63 394.545 394.545 9.21954 9.21954 9.21954 9.21954
-0.284716 1.8162 322.534 343.27 394.51 139.518 9.21954 9.21954 9.89949 9.21954
0.145305 1.79866 279.35 343.306 393.329 139.561 8.94427 9.21954 9.89949 9.21954
0.270478 -0.29746 280.57 321.626 394.072 394.423 8.94427 9.21954 9.21954 9.21954
0.317149 1.8197 279.667 343.538 394.181 139.795 8.94427 9.21954 9.89949 9.21954
1.78114 1.78114 343.626 343.626 139.702 139.702 9.89949 9.21954 9.89949 9.21954
-0.321526 -0.321526 321.736 321.736 394.38 394.38 9.21954 9.21954 9.21954 9.21954
-0.271111 -0.271111 322.328 322.328 394.392 394.392 9.21954 9.21954 9.21954 9.21954
0.23534 1.81388 283.025 343.727 394.148 139.856 8.94427 9.21954 9.89949 9.21954
-0.288424 1.81388 321.656 343.727 394.681 139.856 9.21954 9.21954 9.89949 9.21954
1.80457 1.80457 343.767 343.767 139.848 139.848 9.89949 9.21954 9.89949 9.21954
1.81487 1.81487 343.779 343.779 139.88 139.88 9.89949 9.21954 9.89949 9.21954
0.653111 0.653111 295.202 295.202 394.56 394.56 9.05539 9.21954 9.05539 9.21954
1.78686 1.78686 343.862 343.862 139.501 139.501 9.89949 9.21954 9.89949 9.21954
1.70925 1.70925 343.583 343.583 139.707 139.707 9.89949 9.21954 9.89949 9.21954
1.30575 -0.268062 230.788 320.56 345.485 394.418 9.43398 9.84886 9.21954 9.21954
0.471289 -0.253732 232.408 321.312 329.172 394.846 9.05539 8.94427 9.21954 9.21954
-0.618578 -0.239797 233.926 321.053 310.897 394.771 8.544 9 9.21954 9.21954
2.28658 -0.263113 233.188 321.537 293.653 394.751 9 8.24621 9.21954 9.21954
2.25862 -0.229058 231.939 321.842 277.007 394.739 9.05539 8.24621 9.21954 9.21954
1.81281 -0.240541 230.742 322.228 261.399 394.777 9.43398 9.43398 9.21954 9.21954
1.59603 -0.270301 229.735 322.845 246.992 394.738 9.89949 9.21954 9.21954 9.21954
1.52373 -0.285215 228.698 322.663 235.526 394.923 9.89949 9.21954 9.21954 9.21954
1.45974 -0.268307 227.834 322.597 225.988 394.891 9.21954 9.21954 9.21954 9.21954
1.38916 -0.277917 227.103 322.195 217.518 394.105 10 8.94427 9.21954 9.21954
1.34077 -0.303904 226.915 323.136 209.357 394.343 9.43398 8.94427 9.21954 9.21954
1.30023 -0.275482 226.809 322.21 202.54 394.436 9.43398 9.84886 9.21954 9.21954
1.29524 -0.244644 226.971 322.42 196.74 394.654 9.43398 9.84886 9.21954 9.21954
1.38023 -0.247334 227.148 323.09 191.687 394.412 9.43398 9.84886 9.21954 9.21954
1.46468 -0.260237 227.698 322.245 188.278 394.637 10 9.21954 9.21954 9.21954
1.38257 -0.319259 228.061 322.834 185.055 394.511 9.43398 9.21954 9.21954 9.21954
1.37046 -0.268634 228.85 322.761 182.491 394.617 10 9.21954 9.21954 9.21954
1.38158 -0.267915 230.425 322.78 183.355 394.77 9.43398 9.21954 9.21954 9.21954
1.34032 -0.267365 231.708 322.841 182.518 394.791 9.43398 9.21954 9.21954 9.21954
1.31106 -0.275174 232.768 322.397 181.842 394.688 9.43398 9.21954 9.21954 9.21954
1.33577 -0.245508 233.992 322.631 181.773 394.802 9.43398 9.21954 9.21954 9.21954
1.40551 -0.230049 235.083 322.992 181.478 394.794 10 9.21954 9.21954 9.21954
1.40387 -0.260704 236.076 322.633 181.798 394.604 10 9.21954 9.21954 9.21954
1.4402 -0.285535 236.647 323.129 180.946 394.706 10 9.21954 9.21954 9.21954
1.46169 -0.299185 237.211 323.154 180.58 394.555 10 9.21954 9.21954 9.21954
1.42706 -0.256169 237.392 321.651 181.838 394.851 10 9.21954 9.21954 9.21954
1.45074 -0.256046 237.392 322.701 183.452 394.647 10 9.21954 9.21954 9.21954
1.3585 -0.261759 237.351 322.739 185.794 394.88 9.43398 9.21954 9.21954 9.21954
1.41927 -0.274365 237.361 323.026 186.958 394.562 10 9.21954 9.21954 9.21954
1.37923 1.74306 237.241 344.15 187.607 136.551 10 9.21954 9.89949 9.21954
1.37687 -0.283273 237.605 322.983 189.533 394.715 10 9.21954 9.21954 9.21954
1.42668 -0.254314 237.958 322.135 191.147 394.881 10 9.21954 9.21954 9.21954
1.40208 -0.26695 238.308 322.165 192.648 394.906 9.43398 9.21954 9.21954 9.21954
1.3569 -0.223905 238.493 323.118 193.258 394.552 9.43398 9.21954 9.21954 9.21954
1.33688 -0.257609 238.281 322.816 193.745 394.761 9.43398 9.84886 9.21954 9.21954
1.27326 -0.261006 238.106 322.709 194.456 394.794 9.43398 9.84886 9.21954 9.21954
1.31033 -0.289651 237.983 323.403 195.304 394.437 9.43398 9.21954 9.21954 9.21954
1.34805 -0.262033 237.93 322.897 196.279 394.705 9.43398 9.21954 9.21954 9.21954
1.32426 -0.251845 237.663 323.181 196.414 394.039 9.43398 9.21954 9.21954 9.21954
1.36796 -0.243105 237.515 323.547 197.378 394.213 9.43398 9.84886 9.21954 9.21954
1.35591 -0.231191 237.436 322.687 197.868 394.562 9.43398 9.84886 9.21954 9.21954
1.39746 -0.293439 237.39 323.041 198.335 394.938 9.43398 9.21954 9.21954 9.21954
1.39215 -0.249101 237.179 322.92 198.599 394.613 9.43398 9.21954 9.21954 9.21954
1.32859 -0.295179 236.827 322.996 199.005 394.747 9.43398 9.84886 9.21954 9.21954
1.35325 -0.311657 236.596 323.248 199.285 394.588 9.43398 9.21954 8.544 9.21954
1.34732 -0.229702 236.386 322.61 199.654 394.922 9.43398 9.84886 9.21954 9.21954
1.39705 -0.275897 236.174 323.053 199.941 394.734 10 9.21954 9.21954 9.21954
1.33932 -0.2515 235.694 322.237 200.124 394.864 9.43398 9.84886 9.21954 9.21954
1.33391 -0.267542 235.528 322.277 200.596 394.846 9.43398 9.21954 9.21954 9.21954
1.33921 -0.290399 235.159 322.554 200.908 394.353 9.43398 9.21954 9.21954 9.21954
1.39519 -0.28127 234.785 322.341 201.298 394.858 9.43398 9.21954 9.21954 9.21954
1.31841 -0.286749 234.507 322.861 202.2 394.497 9.43398 9.84886 8.544 9.21954
1.34938 -0.238071 234.368 323.286 203.367 394.463 9.43398 9.84886 9.21954 9.21954
1.36439 -0.282952 234.167 323.579 204.722 394.47 9.43398 9.21954 9.21954 9.21954
1.39243 -0.28755 234.014 322.703 206.527 394.688 10 9.21954 9.21954 9.21954
1.37456 -0.228365 233.822 323.197 209.065 394.67 10 9.84886 9.21954 9.21954
1.35969 -0.249703 233.523 322.57 211.894 394.742 9.43398 9.84886 9.21954 9.21954
1.35365 1.74035 233.27 342.323 215.489 136.99 9.43398 9.84886 9.89949 9.21954
1.40742 -0.276037 233.089 323.038 219.487 394.904 10 9.21954 8.544 9.21954
1.3938 -0.281193 232.665 323.184 223.947 394.548 9.43398 9.21954 9.21954 9.21954
1.43558 -0.219812 232.141 324.396 229.181 394.558 10 9.21954 9.43398 9.21954
1.46648 -0.264257 231.603 322.4 234.65 394.723 9.21954 9.21954 9.21954 9.21954
1.48556 -0.253372 230.775 323.146 240.974 394.401 9.21954 9.21954 9.21954 9.21954
1.5661 -0.273367 230.088 322.853 249.313 394.762 9.89949 9.21954 9.21954 9.21954
1.59453 -0.248507 229.694 322.435 258.049 394.689 9.89949 9.21954 9.21954 9.21954
1.66587 -0.264462 229.595 323.572 268.4 394.723 10 9.21954 9.21954 9.21954
1.77881 -0.198625 229.573 322.579 279.583 394.524 9.43398 9.43398 9.21954 9.21954
1.92209 -0.203204 229.534 321.918 292.275 394.416 9.84886 8.60233 9.21954 9.21954
-0.451912 -0.248379 229.493 322.892 305.499 394.31 8.94427 8.06226 9.21954 9.21954
0.38403 -0.257304 228.873 322.384 318.828 394.654 9.21954 8.24621 9.21954 9.21954
1.13476 -0.317112 227.617 322.078 331.543 394.583 9.48683 9.84886 9.21954 9.21954
1.71885 -0.291993 226.444 322.719 343.587 394.499 9.43398 9.21954 9.21954 9.21954
2.18274 -0.295431 225.934 321.948 354.219 394.758 9.21954 9 8.544 9.21954
2.12418 1.77217 225.853 343.333 363.581 138.835 9.48683 8.24621 9.89949 9.21954
0.388539 1.78282 273.843 343.286 392.537 138.586 9.21954 9.21954 9.89949 9.21954
1.79285 1.79285 343.319 343.319 138.623 138.623 9.89949 9.21954 9.89949 9.21954
1.82826 1.82826 343.049 343.049 138.902 138.902 9.89949 9.21954 9.89949 9.21954
0.303779 1.83481 284.001 343.036 393.747 138.842 9.84886 9.21954 9.89949 9.21954
1.74938 1.74938 343.447 343.447 137.849 137.849 9.89949 9.21954 9.89949 9.21954
0.308369 1.8549 281.984 342.914 393.421 139.005 9.84886 9.21954 9.89949 9.21954
0.253675 1.87911 280.883 342.827 393.926 138.962 9.84886 9.21954 9.89949 9.21954
-0.214227 -0.214227 323.723 323.723 394.082 394.082 9.21954 9.21954 9.21954 9.21954
-0.269757 1.79694 323.481 342.485 394.409 139.608 9.21954 9.21954 9.89949 9.21954
-0.265558 1.76458 322.698 342.457 394.654 139.426 9.21954 9.21954 9.89949 9.21954
