0 0.281524 0 308.968 0 400.392 9.21954 9.21954 8.94427 8.06226
0 0.225322 0 308.862 0 399.952 9.21954 9.21954 8.94427 8.06226
0 0.283571 0 309.158 0 399.293 9.21954 9.21954 8.94427 8.06226
0 0.34455 0 309.257 0 397.638 9.21954 9.21954 9.84886 8.06226
0 0.531567 0 310.132 0 394.691 9.21954 9.21954 9.05539 8.24621
0 0.616943 0 311.083 0 390.229 9.21954 9.21954 9.05539 8.06226
0.962961 0.962961 0 310.422 0 385.437 9.21954 9.21954 9.21954 9.21954
0.296638 -0.37493 299.989 319.591 360.244 403.321 9.48683 8.94427 8.94427 8.24621
-0.0845644 -0.386465 296.095 319.968 348.768 403.327 9.21954 8.48528 9.43398 8.24621
-0.147396 -0.453222 291.169 319.905 337.705 403.361 8.60233 8.48528 8.94427 8.24621
-0.551739 -0.451314 286.874 319.932 326.614 403.363 8.24621 8.24621 8.94427 8.24621
0.170446 -0.376112 282.924 319.751 315.848 403.434 9.84886 8.48528 8.94427 8.24621
1.7622 -0.429574 279.032 319.636 306.088 403.474 10.2956 9.43398 8.94427 8.24621
1.81824 -0.467834 273.216 319.493 301.023 403.592 10.2956 8.544 8.544 8.24621
1.82491 -0.462449 268.979 319.28 294.519 403.731 9.43398 9.21954 8.544 8.24621
1.80683 -0.40033 265.027 319.175 288.31 403.834 9.43398 8.544 8.94427 8.24621
1.70674 -0.379812 261.573 319.118 282.703 403.821 10 9.21954 8.94427 8.24621
1.66004 -0.389345 258.578 319.214 278.271 403.781 10 9.21954 9.43398 8.24621
1.65369 -0.450435 256.21 319.367 274.044 403.791 10 9.21954 8.544 8.24621
1.59146 -0.358578 254.274 319.4 270.737 403.634 9.89949 9.21954 8.94427 8.24621
1.60673 -0.353498 252.86 319.437 267.981 403.435 9.89949 9.21954 9.43398 8.24621
1.53793 -0.486934 251.787 319.481 265.787 403.386 9.89949 9.21954 8.544 8.24621
1.55267 -0.437015 250.867 319.878 263.99 403.242 9.89949 9.21954 8.544 8.24621
1.54162 -0.395315 250.294 320.048 263.167 403.214 9.89949 9.21954 9.43398 8.24621
1.44896 -0.318322 249.9 320.035 262.354 403.088 10 9.21954 8.94427 8.24621
1.42766 -0.336555 249.879 320.142 261.092 403.073 10 9.21954 8.94427 8.24621
1.39716 -0.298688 249.573 320.134 259.534 403.1 10 9.21954 9.43398 8.24621
1.37187 -0.333018 250.057 320.209 260.014 403.119 10 9.21954 9.43398 8.24621
0.907643 -0.39972 249.439 319.988 254.477 403.234 9.21954 9.21954 9.43398 8.24621
0.825377 -0.45711 250.203 319.966 254.509 403.398 9.21954 9 8.544 8.24621
0.864624 -0.421102 250.333 319.796 255.108 403.474 9.21954 9 8.94427 8.24621
0.995533 -0.38576 250.537 319.603 254.544 403.599 9.21954 9.21954 8.94427 8.24621
1.141 -0.409764 251.254 319.685 254.081 403.482 10.2956 9.21954 8.94427 8.24621
1.59789 -0.411159 251.85 319.783 254.807 403.493 9.89949 9.21954 8.544 8.24621
1.14262 -0.427222 252.204 319.671 254.926 403.521 10.2956 9.21954 8.544 8.24621
1.01619 -0.409081 252.208 319.686 255.62 403.527 9.05539 9.21954 8.544 8.24621
1.1853 -0.422117 252.037 319.843 256.857 403.491 10.2956 9.21954 8.544 8.24621
1.20341 -0.396997 251.515 319.728 257.07 403.548 10.2956 9.21954 8.94427 8.24621
0.882983 -0.421957 251.379 319.72 257.519 403.596 9.21954 9 8.94427 8.24621
1.12235 -0.445229 251.328 319.775 257.57 403.57 9.21954 9.21954 8.94427 8.24621
0.990155 -0.500855 251.43 319.661 258.07 403.555 9.21954 9.21954 8.544 8.24621
0.894014 -0.501961 251.42 319.834 258.727 403.505 9.05539 9 8.544 8.24621
1.00277 -0.487228 251.442 319.853 259.236 403.646 9.21954 9.21954 8.544 8.24621
0.943669 -0.49766 251.417 319.827 259.969 403.636 9.21954 9.21954 8.544 8.24621
0.851989 -0.484275 251.197 319.868 260.087 403.719 9.21954 9 8.544 8.24621
1.05237 -0.518704 251.198 319.833 259.488 403.717 9.48683 9.21954 8.544 8.24621
1.06361 -0.472228 251.619 319.816 260.383 403.716 9.21954 9.21954 8.94427 8.24621
1.52673 -0.380001 251.571 319.745 260.767 403.739 9.89949 9.21954 8.94427 8.24621
1.10519 -0.385633 251.072 319.668 260.774 403.779 10.2956 9.21954 8.94427 8.24621
0.817152 -0.410634 250.61 319.654 260.867 403.793 9.05539 9 8.94427 8.24621
0.635425 -0.343702 250.559 319.61 261.091 403.772 9.05539 8.24621 8.94427 8.24621
1.20279 -0.381487 249.953 319.704 260.918 403.805 10.2956 9.21954 8.94427 8.24621
1.03053 -0.408685 249.905 319.661 260.869 403.796 9.21954 9.21954 8.94427 8.24621
0.994855 -0.348676 249.694 319.665 260.537 403.819 9.21954 9.21954 8.94427 8.24621
1.00158 -0.435456 249.463 319.688 259.837 403.803 9.21954 9.21954 8.94427 8.24621
0.979518 -0.393149 249.283 319.717 260.013 403.767 9.21954 9.21954 8.94427 8.24621
0.952166 -0.438223 249.318 319.722 260.631 403.804 9.05539 9.21954 8.94427 8.24621
0.590794 -0.47912 249.668 319.828 260.998 403.827 9.05539 8.24621 8.94427 8.24621
0.873886 -0.390227 249.958 319.697 260.529 403.817 9.21954 9.21954 8.94427 8.24621
1.43595 -0.42774 250.393 319.814 259.932 403.778 9.89949 9.21954 8.94427 8.24621
1.15436 -0.322657 251.278 319.769 260.332 403.707 10.2956 9.21954 8.94427 8.24621
1.18514 -0.355936 251.398 319.76 260.787 403.762 10.2956 9.21954 8.94427 8.24621
1.90478 -0.38663 251.361 319.638 261.087 403.776 10.2956 8.544 8.94427 8.24621
1.48025 -0.424582 251.27 319.748 261.18 403.771 9.89949 9.21954 8.94427 8.24621
0.919548 -0.457147 251.143 319.676 261.275 403.699 9.05539 9.21954 8.94427 8.24621
1.30064 -0.391872 251.731 319.59 265.87 403.729 9.43398 9.21954 8.94427 8.24621
1.27895 -0.495042 251.405 319.603 265.813 403.75 10.2956 9.21954 8.544 8.24621
1.29157 -0.496406 251.165 319.665 265.647 403.712 10.2956 9.21954 8.94427 8.24621
1.31754 -0.45254 251.07 319.64 265.184 403.733 10.2956 9.21954 8.94427 8.24621
1.36161 -0.359281 250.94 319.776 264.859 403.749 10 9.21954 8.94427 8.24621
1.36958 -0.46694 251.391 319.637 265.575 403.721 10 9.21954 8.94427 8.24621
1.40395 -0.497445 251.449 319.772 266.066 403.772 10 9.21954 8.94427 8.24621
1.42375 -0.491406 251.808 319.934 266.056 403.761 10 9.21954 8.94427 8.24621
1.24864 -0.398406 251.792 319.811 261.44 403.804 10.2956 9.21954 8.94427 8.24621
1.23342 -0.517103 252.314 319.825 261.539 403.794 10.2956 9.21954 8.544 8.24621
1.06244 -0.413333 252.555 319.873 261.942 403.8 9.21954 9.21954 8.94427 8.24621
1.42957 -0.473202 253.01 319.73 267.152 403.844 10 9.21954 8.544 8.24621
0.641206 -0.545164 252.443 319.622 263.333 403.824 9.05539 9 8.544 8.24621
1.49696 -0.526402 253.356 319.648 267.742 403.801 9.89949 9.21954 8.544 8.24621
1.24214 -0.511907 252.859 319.6 263.813 403.85 9.43398 9.21954 8.544 8.24621
1.46141 -0.520969 253.901 319.687 269.502 403.916 10 9.21954 8.544 8.24621
1.44682 -0.5412 254.45 319.571 270.778 403.865 10 9.21954 8.544 8.24621
1.46051 -0.424085 255.466 319.514 272.4 403.869 10 9.21954 8.94427 8.24621
1.40019 -0.444304 256.666 319.494 273.957 403.83 10 9.21954 8.544 8.24621
1.44845 -0.403531 258.329 319.51 276.252 403.909 10 9.21954 9.43398 8.24621
1.46438 -0.455159 260.515 319.436 278.195 403.95 10 9.21954 8.544 8.24621
1.53269 -0.413114 263.134 319.438 281.232 403.942 9.89949 9.21954 8.94427 8.24621
1.54536 -0.486124 266.672 319.447 284.692 404.052 9.89949 9.21954 8.544 8.24621
1.53488 -0.378031 270.696 319.323 288.677 404.028 9.89949 9.21954 8.94427 8.24621
1.72012 -0.360896 275.386 319.311 293.294 404.053 9.43398 9.21954 8.94427 8.24621
1.58974 -0.360896 280.263 319.311 300.321 404.053 9.89949 9.21954 8.94427 8.24621
2.13873 -0.44452 285.697 319.312 308.153 404.081 9.48683 8.544 8.94427 8.24621
2.11921 -0.439618 290.786 319.4 316.923 404.018 9.48683 8.24621 8.94427 8.24621
-0.750953 -0.441978 295.032 319.367 326.889 404.049 9 9 8.94427 8.24621
-0.422559 -0.458265 298.735 319.507 336.964 403.954 8.94427 8.94427 8.544 8.24621
-0.312557 -0.506429 301.496 319.575 347.046 403.934 8.60233 8.24621 8.544 8.24621
-0.292682 -0.533776 303.593 319.621 356.56 403.953 8.60233 8.24621 8.544 8.24621
-0.113002 -0.466676 305.142 319.857 365.293 404.048 9.21954 8.48528 8.544 8.24621
0 0.783933 0 312.545 0 386.907 9.21954 9.21954 9.05539 9
0 0.499562 0 312.514 0 390.706 9.21954 9.21954 9.21954 8.24621
