0.000000 0.000000 0.000000 0.000000
0.000000 0.190000 0.000000 -1.099000
0.000000 0.395000 0.000000 -2.314000
0.000000 0.974000 0.000000 -4.602000
0.000000 1.826000 0.000000 -7.409000
0.000000 0.290000 0.000000 -9.254000
299.989000 8.508000 360.244000 13.092000
296.095000 9.546000 348.768000 17.890000
-8.820000 0.314000 -22.539000 0.040000
-9.221000 -0.036000 -22.154000 0.036000
-8.245000 -0.154000 -21.857000 0.073000
-7.842000 -0.296000 -20.526000 0.111000
-9.708000 -0.258000 -14.825000 0.158000
-10.053000 -0.356000 -11.569000 0.257000
-8.189000 -0.318000 -12.713000 0.242000
-7.406000 -0.162000 -11.816000 0.090000
-6.449000 0.039000 -10.039000 -0.053000
-5.363000 0.249000 -8.659000 -0.030000
-4.304000 0.186000 -7.534000 -0.147000
-3.350000 0.070000 -6.063000 -0.356000
-2.487000 0.081000 -4.950000 -0.248000
-1.993000 0.441000 -3.991000 -0.193000
-1.493000 0.567000 -2.620000 -0.172000
-0.967000 0.157000 -1.636000 -0.154000
-0.415000 0.094000 -2.075000 -0.141000
-0.327000 0.099000 -2.820000 0.012000
0.178000 0.067000 -1.078000 0.046000
-0.134000 -0.146000 -5.057000 0.134000
0.146000 -0.243000 -5.505000 0.279000
0.894000 -0.192000 0.631000 0.240000
0.334000 -0.363000 0.035000 0.201000
0.921000 -0.111000 -1.027000 0.008000
1.313000 0.180000 0.263000 -0.106000
0.950000 -0.014000 0.845000 0.039000
0.358000 -0.097000 0.813000 0.034000
-0.167000 0.172000 1.931000 -0.030000
-0.693000 0.042000 1.450000 0.021000
-0.658000 -0.123000 0.662000 0.105000
-0.187000 0.047000 0.500000 0.022000
0.051000 -0.059000 0.551000 -0.041000
0.092000 0.059000 1.157000 -0.065000
0.012000 0.192000 1.166000 0.091000
-0.003000 -0.007000 1.242000 0.131000
-0.245000 0.015000 0.851000 0.073000
-0.219000 0.006000 -0.481000 0.081000
0.422000 -0.052000 0.296000 -0.003000
0.373000 -0.088000 1.279000 0.022000
-0.547000 -0.148000 0.391000 0.063000
-0.961000 -0.091000 0.100000 0.054000
-0.513000 -0.058000 0.317000 -0.007000
-0.657000 0.050000 0.051000 0.012000
-0.654000 0.051000 -0.222000 0.024000
-0.259000 -0.039000 -0.381000 0.014000
-0.442000 0.027000 -1.032000 0.007000
-0.411000 0.052000 -0.524000 -0.052000
-0.145000 0.034000 0.794000 0.001000
0.385000 0.111000 0.985000 0.060000
0.640000 -0.025000 -0.102000 0.013000
0.725000 -0.014000 -1.066000 -0.049000
1.320000 0.072000 -0.197000 -0.110000
1.005000 -0.054000 0.855000 -0.016000
0.083000 -0.131000 0.755000 0.069000
-0.128000 -0.012000 0.393000 0.009000
-0.218000 0.038000 0.188000 -0.077000
0.461000 -0.158000 4.690000 -0.042000
0.262000 -0.073000 4.538000 0.051000
-0.566000 0.075000 -0.223000 -0.017000
-0.335000 0.037000 -0.629000 -0.017000
-0.225000 0.111000 -0.788000 0.037000
0.321000 -0.003000 0.391000 -0.012000
0.509000 -0.004000 1.207000 0.023000
0.417000 0.297000 0.481000 0.040000
0.343000 0.039000 -4.626000 0.032000
0.506000 -0.109000 -4.517000 0.033000
0.763000 0.062000 0.502000 -0.004000
0.696000 -0.095000 5.613000 0.050000
-0.112000 -0.251000 1.391000 0.024000
0.346000 -0.082000 0.590000 -0.043000
0.416000 -0.022000 0.480000 0.026000
0.545000 0.039000 1.760000 0.115000
1.591000 -0.029000 6.965000 0.015000
1.565000 -0.173000 2.898000 -0.047000
2.216000 -0.077000 3.179000 -0.035000
2.863000 -0.004000 3.852000 0.040000
3.849000 -0.058000 4.238000 0.120000
4.805000 -0.072000 4.980000 0.033000
6.157000 0.011000 6.497000 0.102000
7.562000 -0.115000 7.445000 0.086000
8.714000 -0.136000 8.602000 0.001000
9.567000 -0.012000 11.644000 0.025000
10.311000 0.001000 14.859000 0.028000
10.523000 0.089000 16.602000 -0.035000
9.335000 0.055000 18.736000 -0.032000
7.949000 0.107000 20.041000 -0.064000
6.464000 0.208000 20.157000 -0.115000
4.858000 0.114000 19.596000 -0.001000
3.646000 0.282000 18.247000 0.114000
-303.593000 -7.076000 -356.560000 -17.046000
-305.142000 -7.343000 -365.293000 -13.342000
0.000000 0.000000 0.000000 0.000000
