0.000000 0.000000 0.000000 0.000000
0.673000 21.409000 0.060000 -254.932000
-42.280000 21.676000 -1.216000 -254.984000
-41.964000 -21.644000 -0.438000 254.905000
0.317000 0.232000 0.852000 0.234000
63.056000 22.000000 -254.370000 -254.721000
42.069000 -21.802000 0.199000 254.585000
-21.298000 -21.298000 254.690000 254.690000
-38.711000 21.991000 -0.232000 -254.524000
-0.672000 21.399000 0.289000 -254.536000
60.742000 0.040000 -254.300000 -0.008000
22.123000 0.052000 -254.801000 0.024000
-48.565000 -48.565000 254.712000 254.712000
0.083000 0.083000 -0.379000 -0.379000
48.381000 48.381000 -254.853000 -254.853000
-113.074000 -23.302000 205.984000 254.917000
-111.175000 -22.271000 189.465000 255.139000
3.138000 0.493000 -34.588000 0.353000
0.780000 0.225000 -35.519000 -0.095000
-1.987000 0.789000 -33.890000 -0.032000
-2.446000 0.691000 -32.254000 0.026000
-2.204000 1.003000 -30.015000 -0.001000
-2.044000 0.435000 -25.873000 0.146000
-1.901000 -0.248000 -21.004000 0.153000
-1.595000 -0.468000 -18.008000 -0.818000
-0.919000 0.539000 -16.631000 -0.548000
-0.294000 0.015000 -14.978000 0.331000
0.056000 -0.716000 -12.617000 0.311000
0.339000 0.880000 -10.853000 -0.024000
0.727000 -0.175000 -8.462000 -0.017000
0.913000 -0.256000 -6.632000 0.099000
1.152000 0.516000 -5.787000 -0.020000
2.364000 -0.054000 -1.700000 0.259000
2.858000 0.080000 0.027000 0.174000
2.343000 -0.383000 -1.513000 -0.082000
2.284000 -0.210000 -0.745000 0.011000
2.315000 0.595000 -0.364000 0.106000
2.084000 0.002000 0.025000 -0.198000
1.564000 0.137000 -0.532000 -0.088000
1.135000 0.521000 -1.218000 -0.049000
0.745000 -1.478000 0.892000 0.145000
0.181000 -0.453000 2.872000 0.092000
-0.041000 1.088000 3.956000 0.029000
-0.031000 0.325000 3.506000 -0.085000
-0.110000 21.411000 1.813000 -258.329000
0.244000 -0.043000 2.575000 0.153000
0.717000 -22.015000 3.540000 258.330000
0.703000 -0.818000 3.115000 0.191000
0.535000 0.983000 2.111000 -0.329000
-0.027000 0.651000 1.097000 -0.145000
-0.387000 -0.409000 1.198000 0.242000
-0.298000 0.587000 1.559000 -0.324000
-0.176000 0.188000 1.823000 -0.089000
-0.320000 -0.222000 1.110000 -0.398000
-0.415000 0.650000 1.099000 -0.492000
-0.227000 -0.494000 1.454000 0.523000
-0.125000 -0.506000 0.957000 0.725000
-0.257000 0.233000 0.731000 0.051000
-0.563000 -0.045000 0.670000 -0.191000
-0.583000 0.328000 0.686000 -0.025000
-0.441000 -0.386000 0.649000 0.175000
-0.422000 -0.195000 0.656000 0.146000
-0.692000 -0.373000 0.470000 -0.058000
-0.646000 -0.776000 0.655000 0.112000
-0.535000 0.317000 0.784000 -0.511000
-0.743000 0.064000 0.702000 0.012000
-0.652000 0.307000 1.292000 0.144000
-0.417000 0.945000 2.069000 -0.395000
-0.340000 0.718000 2.522000 -0.027000
-0.354000 -0.583000 3.160000 0.225000
-0.345000 -0.382000 4.343000 0.200000
-0.491000 -0.133000 5.367000 0.054000
-0.552000 19.126000 6.424000 -257.680000
-0.434000 0.468000 7.593000 0.162000
-0.605000 -19.139000 8.458000 257.558000
-0.948000 1.358000 9.694000 -0.346000
-1.062000 -0.784000 10.703000 0.175000
-1.366000 -1.250000 11.793000 -0.157000
-1.515000 0.453000 14.663000 0.039000
-1.081000 -0.711000 17.075000 0.288000
-0.493000 0.719000 19.087000 -0.039000
-0.121000 0.144000 21.534000 -0.165000
-0.061000 -1.654000 23.875000 -0.307000
-0.080000 0.313000 25.916000 -0.214000
-0.661000 0.466000 26.553000 0.238000
-1.876000 -0.814000 26.044000 0.273000
-2.429000 0.335000 24.759000 -0.155000
-1.683000 -0.130000 22.676000 0.175000
-0.591000 20.614000 19.994000 -255.664000
47.909000 21.338000 38.318000 -256.172000
117.466000 -0.014000 -224.958000 -0.212000
69.206000 -0.237000 -253.635000 0.316000
-59.318000 -0.283000 255.124000 0.219000
0.398000 0.398000 -1.053000 -1.053000
-2.017000 -0.122000 -0.326000 0.163000
-62.564000 -0.620000 256.077000 1.113000
41.739000 -19.191000 0.661000 255.077000
42.598000 -0.342000 0.483000 0.646000
-1.025000 18.734000 0.572000 -254.656000
0.000000 0.000000 0.000000 0.000000
