-0.075298 2.07193 319.928 359.571 355.907 188.714 8.48528 8.48528 9.21954 9.21954
-0.0929251 1.75592 319.393 360.188 356.074 216.292 8.48528 8.60233 9.21954 9.21954
-0.068363 1.77111 319.529 360.226 355.9 216.024 8.48528 8.48528 9.21954 9.21954
-0.0800418 2.02915 319.668 359.235 355.968 188.765 8.48528 8.48528 9.21954 9.21954
-0.0386116 1.80542 319.567 360.523 355.902 215.182 9.21954 8.48528 9.21954 9.21954
-0.0815111 1.78222 319.134 359.796 355.865 188.677 8.48528 8.48528 9.21954 9.21954
1.81056 -0.075592 281.667 320.285 176.364 355.584 9.21954 9.21954 8.48528 8.48528
-0.0347134 1.79565 320.554 360.673 355.498 214.824 9.21954 8.48528 9.89949 9.21954
-0.0413137 1.74526 319.841 360.592 355.498 214.082 9.21954 8.48528 9.89949 9.21954
-0.0442938 1.64444 320.065 361.241 355.162 211.69 9.21954 8.48528 9.21954 9.21954
-0.0400448 1.70975 320.196 360.565 354.632 214.176 9.21954 8.48528 9.21954 9.21954
0.526802 -0.0235011 310.222 320.073 386.704 353.847 9.21954 9.21954 9.21954 8.48528
0.577696 -0.00321794 310.286 320.823 386.936 352.723 9.21954 9.21954 9.21954 8.48528
-0.00844924 1.73972 320.723 361.24 351.389 212.434 9.21954 8.48528 9.21954 9.21954
0.0463772 1.97962 322.047 360.167 350.301 186.944 9.21954 8.48528 9.21954 9.21954
0.0216544 1.70501 324.17 361.373 347.169 212.118 9.21954 8.48528 9.89949 9.21954
0.00226054 -0.414649 292.274 397.881 341.617 346.868 9.21954 8.48528 8.94427 8.24621
-0.0788368 -0.399568 291.028 397.269 334.378 347.147 8.48528 8.48528 8.94427 8.24621
-0.146263 -0.439328 291.589 396.86 326.192 347.107 9.21954 8.48528 8.94427 8.24621
-0.272816 -0.467074 290.701 396.073 317.917 347.41 8.60233 8.24621 8.544 8.24621
-0.368619 -0.447577 289.167 395.05 309.682 347.561 8.94427 8.24621 8.94427 8.24621
-0.453885 -0.387324 287.196 394.315 302.486 347.54 8.544 8.24621 8.94427 8.24621
-0.5381 -0.411132 285.879 393.491 295.68 347.604 8.544 8.24621 8.94427 8.24621
-0.607843 -0.378366 285.233 392.803 289.425 347.756 8.24621 8.24621 8.94427 8.24621
-0.667089 -0.356161 284.004 392.35 284.498 347.655 8.06226 8.24621 8.94427 8.24621
-0.747199 -0.355855 282.104 392.032 281.309 347.798 8.06226 9 8.94427 8.24621
-0.778682 -0.378201 280.967 391.715 278.577 347.943 9 9 8.94427 8.24621
2.28263 -0.387173 276.637 392.193 282.769 347.729 9.05539 9 8.94427 8.24621
2.25881 -0.372221 277.602 392.107 278.931 347.615 9.05539 9 8.94427 8.24621
2.21776 -0.421521 274.84 392.686 280.414 347.53 9.21954 9 8.94427 8.24621
2.18851 -0.397734 271.458 392.329 283.807 347.643 9.21954 9 8.94427 8.24621
2.18716 -0.401377 272.974 392.585 281.007 347.595 9.21954 8.24621 8.94427 8.24621
2.18798 -0.397601 273.124 392.465 280.029 347.5 9.21954 9 8.94427 8.24621
2.16884 -0.408466 272.91 392.711 280.341 347.366 9.21954 9 8.94427 8.24621
2.20014 -0.360151 274.071 392.317 279.495 347.536 9.21954 9 8.94427 8.24621
2.20761 -0.388884 273.351 391.819 281.02 347.693 9.21954 9 8.94427 8.24621
2.23116 -0.377978 271.843 392.231 283.057 347.379 9.21954 9 8.94427 8.24621
2.18122 -0.399825 271.958 391.889 283.132 347.609 9.21954 9 8.94427 8.24621
2.19748 -0.360221 273.38 391.736 280.986 347.509 9.21954 9 8.94427 8.24621
2.18416 -0.383351 274.438 391.947 279.852 347.571 9.21954 8.24621 8.94427 8.24621
2.18347 -0.379462 273.855 391.53 280.987 347.654 9.21954 9 8.94427 8.24621
2.19171 -0.348833 274.014 391.629 280.73 347.578 9.21954 9 8.94427 8.24621
2.19724 -0.368827 274.232 392.171 280.84 347.416 9.21954 9 8.94427 8.24621
2.1972 -0.380954 274.469 391.769 280.838 347.525 9.21954 9 8.94427 8.24621
2.22131 -0.376673 276.346 391.853 278.814 347.56 9.21954 8.24621 8.94427 8.24621
2.20957 -0.388134 275.826 392.14 279.886 347.479 9.21954 8.24621 8.94427 8.24621
2.2132 -0.374697 274.477 391.914 282.018 347.583 9.21954 9 8.94427 8.24621
2.21641 -0.39016 275.439 391.553 281.006 347.792 9.21954 9 8.94427 8.24621
2.18595 -0.387865 274.854 392.051 281.994 347.525 9.21954 9 8.94427 8.24621
2.19888 -0.37501 274.867 391.78 281.822 347.662 9.21954 9 8.94427 8.24621
2.21512 -0.386945 275.237 391.558 281.176 347.771 9.21954 8.24621 8.94427 8.24621
2.23446 -0.35036 275.611 391.885 280.75 347.596 9.21954 8.24621 8.94427 8.24621
2.23247 -0.395555 274.337 391.749 282.349 347.691 9.21954 9 8.94427 8.24621
2.19744 -0.405905 274.462 391.773 282.004 347.642 9.21954 9 8.94427 8.24621
2.22346 -0.367169 276.549 391.553 279.465 347.687 9.21954 9 8.94427 8.24621
2.2382 -0.385546 276.607 391.384 279.283 347.75 9.21954 9 8.94427 8.24621
2.24034 -0.37703 274.76 391.672 282.06 347.672 9.21954 9 8.94427 8.24621
2.21731 -0.395417 276.557 391.683 279.781 347.786 9.21954 8.24621 8.94427 9
2.20691 -0.382295 276.121 391.495 280.628 347.764 9.21954 9 8.94427 8.24621
2.22328 -0.38308 275.406 391.821 282.051 347.504 9.21954 8.24621 8.94427 8.24621
2.20838 -0.386208 274.295 391.672 283.528 347.776 9.21954 9 8.94427 8.24621
2.20543 -0.384161 273.721 391.246 284.339 347.894 9.21954 9 8.94427 8.24621
2.23056 -0.360416 273.632 391.358 285.222 347.728 9.21954 9 8.94427 8.24621
2.24357 -0.377374 273.588 391.666 285.199 347.649 9.05539 9 8.94427 8.24621
2.2364 -0.378651 273.396 391.43 285.565 347.761 9.21954 9 8.94427 8.24621
2.23948 -0.364341 273.457 391.476 286.064 347.626 9.21954 9 8.94427 8.24621
2.23553 -0.376137 273.727 391.464 285.462 347.811 9.21954 9 8.94427 8.24621
2.27771 -0.373664 274.013 391.422 285.345 347.755 9.05539 9 8.94427 9
2.26914 -0.357304 273.889 391.989 286.063 347.599 9.05539 9 8.94427 8.24621
2.23961 -0.404414 273.914 391.967 285.767 347.573 9.05539 9 8.94427 8.24621
2.27042 -0.356435 273.914 391.689 286.04 347.622 9.05539 9 8.94427 8.24621
2.27933 -0.39377 273.552 392.176 286.72 347.588 9.05539 9 8.94427 8.24621
2.27211 -0.383238 273.576 392.363 286.81 347.536 9.05539 9 8.94427 8.24621
2.29754 -0.396093 274.121 392.556 286.404 347.493 9.05539 9 8.94427 8.24621
2.33735 -0.368795 275.233 392.966 285.527 347.314 9.05539 9 8.94427 8.24621
2.33418 -0.408475 275.96 393.085 285.612 347.446 9.05539 9 8.94427 8.24621
-0.726885 -0.412913 276.159 393.277 286.583 347.326 8.06226 9 8.94427 8.24621
-0.731135 -0.375408 276.455 393.727 288.084 347.141 8.06226 8.06226 8.94427 8.24621
-0.667243 -0.402449 281.467 394.008 285.004 347.142 8.24621 9 8.94427 8.24621
-0.592917 -0.421599 278.127 394.306 291.824 347.122 8.24621 8.06226 8.94427 8.24621
-0.499901 -0.41032 284.034 394.5 290.256 347.067 8.544 8.24621 8.94427 8.24621
-0.444158 -0.459205 286.059 394.832 293.655 347.005 8.94427 8.24621 8.544 8.24621
-0.36371 -0.441607 287.38 395.497 298.878 346.917 8.94427 8.94427 8.94427 8.24621
-0.258478 -0.434704 287.38 395.81 305.122 346.812 8.60233 8.94427 8.94427 8.24621
-0.162542 -0.478562 286.34 395.924 311.951 346.839 9.21954 8.48528 8.544 8.24621
-0.0754599 -0.505538 287.047 395.997 318.342 346.998 8.48528 8.48528 8.544 8.24621
0.00565126 -0.504601 285.552 396.518 324.793 346.668 9.21954 8.48528 8.544 8.24621
0.0894015 -0.533442 285.372 396.544 330.35 346.761 8.60233 8.48528 8.544 9
0.143861 -0.531122 283.49 396.841 335.314 346.62 9.43398 8.48528 8.544 9
0.199368 -0.558188 281.382 397.193 338.981 346.444 8.94427 8.94427 8.24621 9
0.2749 -0.515852 279.617 396.983 341.862 346.675 8.94427 8.24621 8.544 8.24621
0.320444 -0.559512 278.488 396.782 345.631 346.634 9.48683 8.94427 8.544 8.24621
0.288139 -0.517067 274.95 396.423 347.77 346.652 8.94427 8.94427 8.544 9
0.311185 -0.516712 273.918 396.187 349.338 346.95 8.94427 8.24621 8.544 8.24621
0.0209489 0.0209489 313.385 313.385 349.718 349.718 9.21954 8.48528 9.21954 8.48528
0.0334918 0.0334918 313.376 313.376 350.419 350.419 9.21954 8.48528 9.21954 8.48528
0.00668984 0.00668984 313.052 313.052 350.604 350.604 9.21954 8.48528 9.21954 8.48528
0.281387 -0.470927 273.346 394.631 352.265 347.426 8.94427 8.24621 8.544 8.24621
0.0304314 0.0304314 313.553 313.553 350.876 350.876 9.21954 8.48528 9.21954 8.48528
0.235589 -0.402684 274.286 393.501 352.442 347.726 8.94427 8.94427 8.94427 8.24621
