0.000000 0.000000 0.000000 0.000000
-0.399000 0.655000 -0.007000 27.310000
0.275000 -0.953000 -0.106000 -27.527000
0.038000 0.297000 0.002000 -0.842000
-0.534000 0.561000 -0.103000 -0.088000
-37.900000 -40.238000 -179.538000 140.402000
1.420000 0.877000 -0.367000 26.147000
38.174000 40.307000 179.134000 -141.502000
-0.489000 0.568000 -0.336000 -3.134000
0.355000 -0.027000 -0.866000 0.094000
-9.843000 -41.168000 31.542000 142.157000
-9.910000 -39.742000 32.304000 138.547000
10.501000 41.167000 -35.315000 -141.413000
11.761000 39.344000 -36.635000 -165.779000
3.447000 0.133000 -4.220000 -0.316000
-29.773000 37.714000 -8.684000 159.924000
-33.142000 35.896000 -12.791000 135.029000
-0.685000 -1.021000 -15.425000 0.239000
-0.327000 -1.196000 -16.461000 0.263000
-2.422000 -1.810000 -16.510000 0.454000
-3.505000 -1.758000 -15.431000 0.130000
-3.288000 -1.559000 -14.002000 0.043000
-1.963000 -1.512000 -13.061000 0.216000
-1.875000 -1.141000 -11.182000 0.051000
-3.129000 -0.771000 -8.116000 0.042000
-3.037000 -0.635000 -5.921000 0.288000
-5.467000 0.161000 1.460000 -0.069000
-3.365000 0.392000 0.354000 -0.328000
-1.797000 0.493000 -2.355000 -0.199000
-6.144000 0.222000 4.876000 0.028000
-1.866000 -0.101000 0.593000 0.065000
1.666000 0.136000 -3.778000 -0.143000
-0.064000 0.126000 -0.666000 -0.229000
0.947000 -0.148000 -0.534000 0.036000
0.441000 -0.892000 0.679000 0.327000
-2.228000 -0.086000 3.562000 -0.157000
-1.393000 0.070000 2.112000 -0.084000
1.537000 -0.495000 -2.071000 0.130000
2.480000 0.058000 -3.280000 -0.038000
0.475000 -0.206000 0.001000 0.145000
-0.424000 -0.318000 0.878000 0.007000
0.377000 0.641000 -0.147000 -0.238000
0.455000 0.140000 0.108000 -0.053000
2.114000 -0.318000 -2.026000 0.144000
1.357000 0.371000 -0.952000 -0.046000
-1.869000 0.061000 3.204000 0.023000
-0.387000 -0.587000 1.120000 0.313000
0.377000 0.137000 -0.024000 -0.058000
-0.572000 0.227000 0.816000 -0.130000
0.383000 -0.493000 -0.818000 0.246000
0.744000 0.105000 -1.072000 -0.066000
-0.900000 0.191000 1.173000 -0.080000
-1.149000 -0.112000 1.254000 0.046000
2.212000 -0.196000 -2.884000 -0.004000
2.145000 -0.389000 -2.721000 0.108000
-1.789000 0.119000 2.595000 -0.015000
-0.050000 0.299000 0.498000 0.036000
1.361000 -0.177000 -1.432000 0.092000
-1.151000 0.138000 2.270000 -0.282000
-1.826000 0.177000 2.900000 0.012000
-1.685000 -0.575000 2.288000 0.390000
-0.663000 -0.314000 1.694000 -0.048000
-0.133000 0.420000 0.860000 -0.245000
-0.236000 0.072000 0.343000 0.033000
-0.131000 -0.190000 0.865000 -0.023000
0.331000 0.034000 -0.103000 0.050000
0.556000 -0.054000 -0.719000 0.129000
0.162000 0.525000 0.601000 -0.212000
-0.099000 0.545000 0.422000 -0.182000
0.025000 -0.300000 -0.023000 0.023000
-0.362000 0.209000 0.953000 0.015000
-0.338000 0.674000 0.770000 -0.086000
0.569000 0.380000 -0.316000 -0.095000
1.657000 0.603000 -1.283000 -0.222000
1.839000 0.529000 -0.792000 -0.047000
0.926000 0.311000 1.056000 0.012000
0.495000 0.642000 2.472000 -0.305000
5.308000 0.731000 -1.579000 -0.184000
1.672000 0.579000 3.740000 -0.019000
2.567000 0.492000 5.252000 -0.075000
7.932000 0.526000 1.831000 -0.117000
3.346000 0.997000 8.622000 -0.150000
1.321000 0.978000 11.467000 -0.193000
-1.040000 0.427000 13.073000 -0.078000
-0.333000 0.187000 13.220000 0.186000
-0.788000 0.594000 12.842000 -0.171000
-1.675000 0.547000 12.008000 -0.237000
-2.062000 0.323000 10.521000 -0.048000
-3.990000 0.649000 8.631000 -0.317000
-3.873000 0.142000 6.548000 0.055000
-2.894000 -0.411000 6.650000 0.190000
-4.667000 -0.560000 5.908000 -0.023000
-4.570000 -0.595000 3.707000 0.316000
38.435000 -83.038000 1.948000 3.066000
39.458000 -82.811000 1.081000 3.469000
-0.333000 -0.333000 0.886000 0.886000
-40.030000 81.255000 1.846000 -2.993000
0.501000 0.501000 0.272000 0.272000
0.940000 -1.130000 0.177000 0.300000
0.000000 0.000000 0.000000 0.000000
