0.000000 0.000000 0.000000 0.000000
0.000000 0.025000 0.000000 -7.857000
296.156000 10.437000 364.006000 13.507000
292.992000 11.025000 353.240000 17.804000
-6.384000 -0.122000 -22.238000 -0.069000
-6.488000 -0.114000 -21.955000 -0.006000
-7.208000 -0.113000 -19.550000 0.099000
-5.920000 -0.189000 -17.528000 0.135000
-3.551000 -0.169000 -16.463000 0.085000
-2.419000 -0.079000 -14.790000 0.115000
-1.270000 -0.402000 -12.962000 0.155000
-0.283000 -0.429000 -11.740000 0.209000
0.907000 -0.228000 -10.088000 0.117000
2.096000 -0.257000 -8.228000 0.011000
2.693000 -0.041000 -5.967000 -0.045000
-279.978000 0.059000 -278.999000 -0.068000
4.020000 -0.044000 -2.544000 -0.036000
287.940000 0.220000 274.260000 -0.102000
4.711000 0.278000 0.525000 -0.125000
3.101000 0.086000 1.533000 -0.144000
2.828000 0.036000 1.967000 -0.090000
2.827000 0.062000 1.483000 -0.045000
1.406000 0.105000 -0.077000 -0.058000
0.153000 -0.004000 -1.489000 -0.010000
-1.009000 -0.019000 -2.325000 0.029000
-2.179000 0.016000 -3.344000 0.036000
-3.216000 0.065000 -3.845000 -0.084000
-4.727000 0.010000 -3.773000 -0.057000
-5.737000 0.002000 -2.420000 0.056000
-6.166000 0.013000 0.588000 0.099000
-8.131000 -0.014000 3.061000 0.091000
-8.403000 0.028000 3.626000 0.033000
-9.407000 -0.010000 6.309000 0.023000
-9.765000 0.003000 8.998000 -0.046000
-8.506000 -0.027000 9.896000 0.014000
-8.583000 0.050000 10.318000 -0.135000
-7.525000 0.003000 9.818000 -0.169000
-6.342000 -0.072000 8.786000 0.009000
-4.341000 0.001000 6.677000 0.058000
-1.529000 0.039000 5.301000 0.048000
-0.645000 -0.036000 3.363000 -0.029000
0.572000 0.012000 1.140000 0.062000
1.283000 0.118000 0.643000 0.110000
1.505000 0.024000 0.472000 0.074000
2.189000 0.055000 0.139000 0.077000
1.696000 0.032000 -0.192000 0.060000
1.507000 0.002000 -0.866000 0.040000
1.026000 -0.056000 -1.033000 0.019000
1.116000 -0.090000 -1.054000 -0.001000
1.267000 -0.143000 -0.678000 -0.019000
0.130000 -0.073000 -0.648000 -0.022000
-0.440000 0.080000 -1.031000 0.018000
0.493000 0.022000 -0.623000 -0.042000
0.235000 -0.007000 -0.561000 -0.046000
-0.470000 -0.027000 -0.586000 0.003000
0.075000 0.056000 -0.174000 0.001000
0.202000 0.016000 -0.059000 -0.020000
0.103000 0.024000 -0.295000 -0.041000
0.083000 0.117000 -0.068000 0.001000
-0.193000 -0.019000 0.028000 0.005000
0.057000 -0.126000 -0.253000 0.003000
0.025000 -0.084000 -0.180000 0.024000
-0.193000 -0.026000 -0.246000 0.001000
0.295000 -0.063000 -0.142000 0.035000
0.222000 -0.015000 -0.028000 0.014000
-0.217000 0.007000 -0.280000 0.004000
-0.523000 0.118000 -0.336000 0.077000
-0.149000 0.144000 -0.325000 -0.067000
0.851000 0.060000 -0.066000 -0.106000
0.942000 -0.067000 0.070000 0.071000
0.489000 -0.031000 0.165000 0.032000
0.175000 0.038000 0.073000 0.017000
0.195000 0.059000 -0.014000 0.027000
0.305000 -0.039000 0.124000 -0.004000
0.197000 -0.083000 -0.247000 0.004000
0.166000 0.049000 -0.310000 -0.039000
0.626000 -0.060000 -0.090000 0.007000
0.638000 -0.068000 0.138000 0.000000
1.022000 -0.037000 0.539000 -0.036000
1.769000 -0.067000 0.357000 0.001000
2.106000 -0.009000 0.218000 0.020000
2.223000 0.025000 0.150000 0.018000
2.942000 0.013000 -0.019000 0.019000
4.060000 -0.039000 0.133000 0.001000
4.521000 -0.035000 0.584000 -0.007000
5.392000 0.000000 1.108000 0.000000
5.778000 0.007000 1.826000 0.019000
6.083000 0.049000 2.812000 0.035000
6.755000 -0.049000 3.958000 -0.035000
7.289000 -0.039000 4.494000 -0.004000
7.066000 0.034000 5.148000 0.001000
5.564000 0.033000 6.703000 -0.005000
4.544000 0.056000 7.722000 0.039000
4.393000 0.047000 8.646000 0.014000
4.172000 0.000000 8.898000 0.000000
4.181000 -0.018000 9.001000 -0.009000
3.661000 0.040000 9.501000 0.028000
3.854000 0.079000 9.539000 0.002000
3.656000 -0.014000 9.866000 -0.052000
0.000000 0.000000 0.000000 0.000000
