0.000000 0.000000 0.000000 0.000000
1.598000 1.598000 -5.370000 -5.370000
-26.070000 76.102000 -8.997000 -2.828000
-21.904000 76.232000 -12.846000 0.338000
8.329000 -0.581000 -16.082000 0.188000
4.257000 -1.720000 -18.461000 0.198000
-1.096000 -1.787000 -18.191000 0.095000
-2.465000 -2.339000 -17.316000 0.563000
-5.495000 -1.472000 -14.164000 0.502000
-9.768000 -2.105000 -9.089000 0.549000
-9.182000 -2.532000 -7.435000 0.540000
-7.041000 -0.854000 -7.119000 -0.019000
-6.289000 -0.264000 -5.434000 0.049000
-6.361000 -0.136000 -3.605000 0.057000
-5.197000 -0.289000 -2.919000 0.074000
-3.185000 -0.192000 -2.881000 0.042000
-2.600000 0.033000 -2.163000 -0.083000
-2.067000 0.096000 -2.001000 -0.057000
-0.849000 -0.284000 -2.502000 0.051000
-0.225000 0.099000 -2.733000 -0.124000
39.315000 0.633000 110.789000 -0.333000
39.638000 0.245000 111.827000 -0.135000
0.093000 -0.080000 -0.318000 -0.108000
-0.359000 -0.066000 0.044000 0.010000
0.288000 0.170000 0.037000 -0.097000
-0.557000 0.024000 0.238000 -0.080000
-1.045000 0.067000 0.305000 0.108000
0.463000 0.854000 -0.236000 -0.311000
0.657000 -0.029000 -0.133000 -0.205000
0.161000 -0.661000 0.084000 0.004000
-0.546000 -0.110000 -0.219000 -0.188000
0.179000 -0.321000 -0.080000 -0.006000
0.266000 0.210000 0.076000 -0.048000
-0.053000 0.322000 -0.036000 -0.313000
0.198000 -0.290000 -0.143000 -0.018000
-0.182000 0.367000 0.083000 -0.147000
0.103000 0.340000 -0.015000 -0.236000
0.159000 -0.561000 0.020000 0.247000
0.111000 0.006000 0.087000 0.079000
-0.028000 0.394000 -0.328000 -0.169000
0.159000 0.019000 -0.114000 -0.190000
0.175000 0.100000 0.197000 -0.034000
-0.041000 -0.025000 0.175000 0.149000
0.024000 -0.483000 0.139000 0.013000
-33.261000 0.004000 -107.342000 -0.221000
-30.840000 0.282000 -105.002000 0.001000
0.675000 -0.199000 9.407000 0.328000
-2.598000 -0.501000 12.491000 0.176000
-1.386000 -0.398000 9.917000 0.175000
-1.182000 0.503000 8.342000 0.015000
-1.660000 0.196000 7.074000 -0.065000
-1.282000 -0.600000 5.203000 0.178000
-0.389000 -0.784000 3.688000 0.405000
-0.282000 0.110000 2.930000 0.089000
-0.853000 0.503000 2.481000 -0.112000
-0.780000 0.293000 2.003000 -0.114000
-0.388000 0.587000 1.580000 -0.110000
-0.422000 0.231000 1.168000 0.338000
-1.317000 0.557000 1.512000 -0.046000
-1.292000 1.229000 1.399000 -0.517000
-0.695000 0.257000 0.686000 0.070000
-0.527000 0.103000 0.737000 0.118000
0.498000 0.892000 0.753000 -0.218000
0.973000 0.134000 0.666000 0.034000
1.498000 0.437000 1.362000 -0.143000
1.935000 0.633000 2.131000 -0.009000
2.409000 0.199000 2.541000 0.107000
2.838000 0.792000 3.013000 -0.327000
2.637000 0.359000 2.999000 -0.055000
2.723000 -0.021000 2.788000 0.197000
2.351000 0.329000 2.216000 0.060000
1.519000 0.717000 2.049000 -0.067000
0.780000 1.334000 1.596000 -0.439000
-0.138000 0.489000 0.672000 -0.110000
-0.913000 0.396000 0.665000 0.190000
-0.777000 0.591000 1.307000 -0.188000
-0.157000 -0.002000 1.942000 -0.162000
-0.110000 -1.194000 2.670000 0.368000
0.128000 -1.196000 3.377000 0.265000
0.265000 -1.076000 4.007000 0.161000
27.738000 -84.504000 7.689000 -10.747000
28.053000 -83.073000 7.093000 -9.401000
1.339000 1.339000 3.171000 3.171000
1.119000 1.119000 3.202000 3.202000
1.281000 1.281000 3.709000 3.709000
1.717000 1.717000 4.027000 4.027000
0.635000 0.635000 3.474000 3.474000
0.636000 0.636000 2.927000 2.927000
1.533000 1.533000 2.627000 2.627000
1.728000 1.728000 2.503000 2.503000
0.719000 0.719000 2.428000 2.428000
-0.125000 -0.125000 2.182000 2.182000
0.006000 0.006000 1.926000 1.926000
0.033000 0.033000 1.575000 1.575000
-0.525000 -0.525000 1.080000 1.080000
-0.383000 -0.383000 0.463000 0.463000
-0.406000 -0.406000 -0.051000 -0.051000
-0.563000 -0.563000 -0.151000 -0.151000
0.024000 0.024000 -0.225000 -0.225000
0.000000 0.000000 0.000000 0.000000
