0.000000 0.000000 0.000000 0.000000
59.427000 -0.075000 -253.158000 -0.055000
-38.564000 -0.067000 -1.343000 -0.030000
-57.120000 -18.770000 253.569000 253.858000
39.979000 -0.048000 0.865000 -0.295000
38.762000 0.412000 0.221000 -0.068000
-4.014000 -21.883000 -0.117000 254.144000
0.981000 0.981000 -0.291000 -0.291000
-0.209000 -0.209000 -0.112000 -0.112000
-4.446000 -4.446000 -0.034000 -0.034000
-23.372000 -23.372000 0.370000 0.370000
-25.603000 -25.603000 -2.009000 -2.009000
-0.838000 -0.838000 -0.477000 -0.477000
27.438000 27.438000 2.469000 2.469000
-41.370000 28.205000 -56.479000 0.314000
-63.232000 1.621000 -70.894000 0.280000
9.257000 -0.169000 -28.242000 0.109000
9.331000 18.385000 -27.594000 -256.040000
8.940000 -0.190000 -26.052000 -0.103000
8.143000 -18.417000 -24.466000 255.662000
6.827000 -0.173000 -21.778000 0.124000
5.475000 -0.574000 -18.004000 0.545000
5.789000 18.761000 -14.947000 -255.996000
6.327000 18.620000 -12.389000 -256.102000
5.863000 0.075000 -9.982000 -0.023000
5.096000 0.380000 -8.033000 -0.067000
3.884000 -0.027000 -6.393000 0.224000
2.386000 -0.031000 -5.276000 0.002000
0.053000 -17.819000 -5.000000 255.715000
28.477000 -17.981000 166.813000 255.877000
29.276000 12.603000 169.059000 -209.133000
-0.212000 -0.212000 -0.178000 -0.178000
-0.642000 6.104000 0.617000 -45.913000
0.156000 19.634000 -0.353000 -255.112000
0.014000 0.709000 -0.107000 0.498000
0.301000 0.663000 0.608000 0.429000
0.000000 0.906000 -0.037000 0.190000
-1.275000 0.705000 0.269000 0.155000
-63.772000 0.132000 -169.875000 0.504000
-70.998000 -20.361000 -166.563000 254.667000
-14.276000 -21.098000 8.628000 254.016000
-11.269000 -1.156000 10.986000 0.188000
-7.935000 -0.496000 11.966000 0.073000
-5.091000 0.477000 11.632000 -0.277000
-2.306000 0.072000 8.863000 0.239000
-0.717000 1.411000 4.395000 0.093000
-0.606000 1.155000 1.346000 -0.757000
-0.349000 -0.916000 0.147000 0.048000
0.157000 -0.669000 0.244000 0.525000
0.686000 -0.110000 0.490000 0.293000
0.649000 0.399000 0.216000 -0.031000
-0.036000 -0.273000 0.093000 0.054000
-0.327000 0.286000 -0.094000 -0.152000
-0.178000 0.062000 0.062000 -0.372000
-0.276000 -0.499000 0.115000 0.046000
-0.857000 -1.112000 0.049000 0.200000
-0.731000 -0.135000 0.185000 0.264000
-0.692000 1.242000 0.286000 0.009000
-0.848000 -0.190000 0.264000 -0.280000
-0.690000 -0.293000 -0.007000 0.035000
-1.126000 0.528000 0.082000 0.036000
-0.879000 0.482000 0.405000 -0.165000
-0.910000 -0.141000 0.145000 0.112000
-0.785000 -1.038000 0.195000 0.138000
0.175000 -0.211000 0.262000 -0.045000
-0.322000 0.015000 0.209000 0.246000
-0.963000 -1.321000 0.093000 0.282000
-0.636000 1.025000 0.240000 -0.437000
-0.126000 1.701000 0.516000 -0.147000
0.113000 -0.585000 0.686000 0.013000
-0.547000 -1.033000 0.668000 0.033000
-0.490000 0.659000 0.556000 -0.521000
0.257000 1.165000 0.970000 -0.054000
0.463000 -0.776000 1.322000 1.021000
0.838000 -0.677000 1.939000 -0.049000
1.152000 0.660000 2.726000 -0.377000
0.739000 0.513000 3.784000 -0.140000
1.096000 -0.569000 4.874000 0.064000
1.973000 -0.743000 6.056000 0.366000
1.858000 0.515000 7.309000 -0.386000
1.698000 0.443000 8.479000 -0.217000
1.569000 0.522000 9.653000 0.157000
1.267000 0.143000 10.863000 0.189000
1.264000 -0.757000 12.143000 0.122000
0.851000 -0.225000 13.221000 -0.100000
0.338000 0.242000 14.501000 -0.105000
-0.235000 -0.130000 15.326000 -0.077000
0.087000 1.829000 14.748000 -0.085000
0.301000 -0.197000 13.907000 0.074000
-0.168000 -2.302000 13.289000 0.150000
0.156000 0.527000 12.571000 -0.599000
0.057000 -0.939000 12.265000 0.197000
-0.980000 -1.733000 12.439000 0.175000
-1.184000 -3.440000 12.525000 -0.207000
1.329000 -25.842000 13.591000 -0.398000
4.659000 25.569000 13.654000 -253.487000
2.813000 48.581000 11.441000 -253.100000
-0.098000 -0.214000 10.166000 -0.144000
103.801000 -0.359000 -241.838000 0.238000
0.000000 0.000000 0.000000 0.000000
