0.208174 1.88032 281.46 340.962 393.609 140.506 9.84886 9.21954 9.89949 9.21954
-0.295573 1.89212 321.488 340.887 394.865 140.451 9.21954 9.21954 9.89949 9.21954
1.89212 1.89212 340.887 340.887 140.451 140.451 9.89949 9.21954 9.89949 9.21954
0.189393 1.86526 282.924 340.82 393.522 140.421 8.94427 9.21954 9.89949 9.21954
0.263181 -0.271686 283.767 322.117 394.02 394.309 9.84886 8.48528 9.21954 9.21954
-0.27811 1.87761 322.903 340.772 394.387 140.126 9.21954 9.21954 9.89949 9.21954
-0.293317 -0.293317 322.529 322.529 394.241 394.241 9.21954 9.21954 9.21954 9.21954
-0.69492 -0.69492 318.889 318.889 394.27 394.27 9.21954 9.21954 9.21954 9.21954
-0.149991 -0.149991 323.51 323.51 393.95 393.95 9.21954 9.21954 9.21954 9.21954
-0.710432 -0.710432 318.68 318.68 394.158 394.158 9.21954 9.21954 9.21954 9.21954
-0.714639 -0.714639 319.064 319.064 393.916 393.916 9.21954 9.21954 9.21954 9.21954
0.691023 0.691023 295.308 295.308 394.528 394.528 9.05539 9.21954 9.05539 9.21954
0.306679 0.306679 293.461 293.461 391.907 391.907 9.21954 9.21954 9.21954 9.21954
0.781799 0.781799 294.47 294.47 394.051 394.051 9.21954 9.21954 9.21954 9.21954
-0.294066 -0.294066 320.899 320.899 394.376 394.376 9.21954 9.21954 9.21954 9.21954
1.53133 -0.281344 253.1 322.675 337.572 394.365 9.89949 9.21954 9.21954 9.21954
1.47937 -0.271689 257.667 322.52 323.482 394.656 10 9.21954 9.21954 9.21954
-0.418881 -0.255907 262.357 322.506 309.33 394.474 8.544 8.544 9.21954 9.21954
-0.0348227 1.86777 266.998 340.905 295.888 138.616 9.21954 8.48528 9.89949 9.21954
-0.230488 -0.176937 271.297 322.316 283.278 394.371 8.60233 8.06226 9.21954 9.21954
-0.302124 -0.261716 275.141 322.488 271.422 394.278 8.60233 8.06226 9.21954 9.21954
-0.461335 -0.29427 278.124 322.143 261.5 394.495 8.94427 8.24621 9.21954 9.21954
-0.558292 -0.235656 280.616 321.914 253.418 394.823 8.24621 8.06226 9.21954 9.21954
-0.515148 1.84743 283.913 340.904 246.553 138.499 8.544 8.06226 9.89949 9.21954
-0.537474 1.86366 286.943 340.534 241.029 138.721 8.544 8.06226 9.89949 9.21954
-0.480695 1.8919 289.776 340.979 236.571 138.476 8.544 8.06226 9.89949 9.21954
-0.508726 1.93938 292.039 340.914 232.996 138.654 8.544 8.06226 9.89949 9.21954
-0.415087 1.97388 293.66 340.952 230.178 138.7 8.94427 8.94427 9.89949 9.21954
-0.50779 1.9935 294.425 340.883 227.72 138.656 8.544 8.06226 9.89949 9.21954
-0.494123 -0.258733 293.713 323.133 225.178 394.415 8.544 8.06226 9.21954 9.21954
-0.237717 -0.237717 322.902 322.902 394.533 394.533 9.21954 9.21954 9.21954 9.21954
-0.267597 1.75925 322.989 335.736 394.237 185.282 9.21954 9.21954 9.21954 9.21954
-0.28966 -0.28966 322.69 322.69 394.355 394.355 9.21954 9.21954 9.21954 9.21954
-0.256643 1.86199 322.347 341.84 394.854 139.369 9.21954 9.21954 9.89949 9.21954
-0.220753 2.04952 322.846 342.324 394.002 139.243 9.21954 9.21954 9.89949 9.21954
-0.24825 1.98812 322.361 342.549 394.747 139.867 9.21954 9.21954 9.89949 9.21954
-0.291036 2.0084 323.147 342.987 394.61 139.672 9.21954 9.21954 9.89949 9.21954
-0.23462 1.90074 322.361 343.455 394.71 140.057 9.21954 9.21954 9.89949 9.21954
-0.219142 1.93138 321.872 343.692 394.879 139.827 9.21954 9.21954 9.89949 9.21954
-0.675922 1.92203 258.589 343.587 224.835 140.561 8.24621 8 9.89949 9.21954
0.778384 -0.280985 250.874 323.331 228.316 394.494 9.05539 9 9.21954 9.21954
0.781444 -0.287839 244.313 322.489 233.463 394.577 9.05539 9 9.21954 9.21954
0.937511 -0.241839 239.605 322.175 239.302 394.682 9.21954 9.05539 9.21954 9.21954
0.775906 -0.291069 236.378 321.993 245.429 394.65 9.05539 9 9.21954 9.21954
0.574162 -0.293991 234.514 322.652 250.934 394.405 9.21954 8.24621 9.21954 9.21954
0.39467 -0.270196 234.072 322.065 254.292 394.889 9.48683 8.24621 9.21954 9.21954
0.459583 -0.237054 233.797 324.063 255.329 394.498 9.21954 8.24621 8.544 9.21954
0.478006 -0.196656 233.466 323.22 255.638 394.132 9.21954 8.24621 9.21954 9.21954
0.487721 -0.284374 233.448 323.147 255.476 394.546 9.21954 8.24621 9.21954 9.21954
0.386332 -0.274407 233.623 322.551 255.882 394.657 9.48683 8.06226 9.21954 9.21954
0.439533 -0.217615 234.134 323.037 255.966 394.839 9.48683 8.24621 9.21954 9.21954
0.515616 -0.293995 234.272 322.95 256.098 394.626 9.21954 8.24621 9.21954 9.21954
0.464307 -0.237064 234.098 322.764 256.059 394.893 9.21954 8.24621 9.21954 9.21954
0.498697 -0.305494 233.945 323.236 256.004 394.474 9.21954 8.24621 9.21954 9.21954
0.431173 -0.294813 233.92 322.826 256.121 394.521 9.48683 8.544 9.21954 9.21954
0.481268 -0.303895 233.669 322.737 256.119 394.52 9.21954 8.24621 9.21954 9.21954
0.445385 -0.321277 233.063 321.714 256.17 394.721 9.48683 8.24621 9.21954 9.21954
0.42232 -0.289504 232.938 322.602 256.304 394.784 9.48683 8.24621 9.21954 9.21954
0.481549 -0.270377 232.371 322.956 256.456 394.73 9.21954 8.24621 9.21954 9.21954
0.393279 -0.25898 232.09 322.412 256.568 394.504 9.48683 8.24621 9.21954 9.21954
0.327919 -0.216588 231.681 322.663 256.449 394.765 9.48683 8.06226 9.43398 9.21954
0.439433 -0.264025 230.964 322.94 256.65 394.54 9.21954 8.24621 9.21954 9.21954
0.381281 -0.248096 230.802 323.145 256.854 394.6 9.48683 8.24621 9.21954 9.21954
0.392484 -0.23824 230.054 322.799 256.795 394.652 9.48683 8.544 9.21954 9.21954
0.443951 -0.255711 230.017 322.107 257.049 394.738 9.48683 8.24621 9.21954 9.21954
0.42042 -0.24118 230.229 322.588 257.057 394.607 9.48683 8.24621 9.21954 9.21954
0.479002 -0.229188 229.695 322.122 257.258 394.984 9.21954 8.24621 9.21954 9.21954
0.442183 -0.215885 229.266 321.267 257.15 394.889 9.21954 8.24621 9.21954 9.21954
0.326311 -0.273103 229.059 323.147 257.498 394.547 8.94427 8.24621 9.21954 9.21954
0.370618 -0.24046 229.14 322.968 257.666 394.742 9.48683 8.24621 9.21954 9.21954
0.390397 -0.242271 229.172 322.562 258.184 394.56 9.48683 8.94427 9.21954 9.21954
0.438133 -0.207736 228.593 321.935 258.334 394.775 9.21954 8.24621 9.21954 9.21954
0.385336 -0.182367 228.682 323.221 258.74 394.039 9.48683 8.24621 9.21954 9.21954
0.467763 -0.216196 228.85 323.1 259.304 394.721 9.21954 8.24621 9.21954 9.21954
0.415979 -0.260556 229.145 322.445 260.062 395.06 9.48683 8.24621 9.21954 9.21954
0.374853 -0.262208 229.688 322.423 261.243 394.672 9.48683 8.06226 9.21954 9.21954
0.486336 -0.228392 230.297 323.105 262.788 394.683 9.21954 8.24621 9.21954 9.21954
0.361243 -0.262205 230.427 322.936 265.027 394.532 9.48683 8.06226 9.21954 9.21954
0.326879 -0.263046 231.393 322.536 267.662 394.747 9.84886 8.06226 9.21954 9.21954
0.143574 -0.222213 232.4 322.193 271.083 394.898 8.60233 8.06226 9.21954 9.21954
0.248407 -0.25153 233.251 323.051 274.971 394.361 8.94427 8.06226 9.21954 9.21954
0.114092 -0.238124 234.098 322.636 279.562 394.681 9.43398 8.48528 9.21954 9.21954
0.0701698 -0.272192 234.82 323.573 284.624 394.518 9.43398 8.48528 9.21954 9.21954
0.0501205 -0.26557 235.365 322.779 290.425 394.87 9.21954 8.48528 9.21954 9.21954
-0.0430837 -0.30322 236.084 322.816 296.767 394.64 9.21954 8.48528 9.21954 9.21954
-0.0704704 -0.246039 236.216 322.554 303.646 394.77 9.21954 8.48528 9.21954 9.21954
-0.0248409 -0.26889 236.422 323.058 311.268 394.535 9.21954 8.48528 9.21954 9.21954
-0.0822732 -0.267646 235.981 322.424 318.972 394.693 8.48528 8.48528 9.21954 9.21954
-0.163092 -0.235879 236.509 324.887 326.016 394.45 8.60233 8.48528 8.544 9.21954
-0.161689 -0.241398 236.282 322.227 332.879 394.767 9.21954 8.48528 9.21954 9.21954
-0.151122 -0.243344 236.341 322.585 339.305 394.6 9.21954 8.48528 9.21954 9.21954
-0.244994 -0.176074 236.438 322.754 345.45 394.168 8.60233 8.24621 9.21954 9.21954
-0.20869 -0.301547 236.398 321.646 351.57 394.797 8.60233 8.94427 9.21954 9.21954
-0.24787 -0.259656 235.458 321.021 357.889 394.343 8.60233 8.94427 9.21954 9.21954
-0.210547 -0.68766 235.214 318.206 364.095 394.59 8.60233 8.94427 9.21954 9.21954
0.137076 0.904978 236.787 295.179 371.48 393.945 9.43398 8.06226 9.89949 9.21954
0.170805 1.82444 239.873 343.775 377.749 141.103 9.43398 8.94427 9.89949 9.21954
0.0724273 1.83 239.6 343.76 382.921 140.845 9.21954 8.48528 9.89949 9.21954
0.0385992 1.8235 239.775 343.561 387.915 140.959 9.21954 8.48528 9.89949 9.21954
1.84101 1.84101 343.401 343.401 141.083 141.083 9.89949 9.21954 9.89949 9.21954
