0 0.281099 0 307.987 0 396.324 9.21954 9.21954 9.84886 8.94427
0 0.807331 0 308.69 0 392.833 9.21954 9.21954 9.05539 9
0 1.15602 0 308.012 0 388.467 9.21954 9.21954 9.84886 9.48683
0.261724 -0.457461 296.156 319.127 364.006 406.34 9.43398 8.06226 8.544 8.24621
0.0904528 -0.429335 292.992 319.037 353.24 406.271 9.43398 8.48528 8.544 8.24621
-0.243839 -0.442259 289.772 319.005 341.768 406.271 9.21954 8.06226 8.544 8.24621
-0.622447 -0.500256 286.504 318.923 331.285 406.265 8.06226 8.06226 8.544 8.24621
-0.74127 -0.533271 282.564 318.892 322.218 406.37 9 9 8.544 8.24621
2.34817 -0.566764 280.584 318.734 313.757 406.4 9.05539 9 8.24621 8.24621
2.25784 -0.512215 279.013 318.723 305.755 406.455 9.05539 9 8.544 8.24621
2.33862 -0.444956 278.165 318.655 298.967 406.515 9 9 8.544 8.24621
2.32468 -0.426287 277.743 318.321 292.793 406.61 9.05539 9 8.544 8.24621
-0.784278 -0.377521 277.882 318.226 287.227 406.724 9 9 9.43398 8.24621
-0.772762 -0.446564 278.65 318.093 282.705 406.727 9 9 8.544 8.24621
2.28232 -0.410739 279.978 317.969 278.999 406.735 9.05539 9 8.544 8.24621
2.33422 -0.498381 281.343 318.052 276.738 406.682 9 9 8.544 8.24621
0 -0.478787 0 318.028 0 406.667 9.21954 9.21954 8.544 8.24621
-0.709407 -0.413678 285.363 318.008 274.194 406.646 8.24621 9 8.544 8.24621
-0.678233 -0.375791 287.94 318.248 274.26 406.565 8.24621 9 9.43398 8.24621
-0.571247 -0.446532 290.074 318.286 274.719 406.521 8.544 8.24621 8.544 8.24621
-0.492182 -0.431769 291.041 318.334 275.793 406.421 8.544 8.24621 8.544 8.24621
-0.359284 -0.427048 292.902 318.322 276.686 406.431 8.94427 8.24621 8.544 8.24621
-0.379656 -0.418804 293.868 318.396 277.276 406.376 8.94427 8.24621 8.544 8.24621
-0.385882 -0.458414 294.308 318.427 276.609 406.373 8.94427 8.24621 8.544 8.24621
-0.356085 -0.439479 294.021 318.392 275.787 406.366 9.43398 8.24621 8.544 8.24621
-0.368758 -0.439881 293.299 318.408 274.284 406.402 8.94427 8.24621 8.544 8.24621
-0.46792 -0.439881 291.842 318.408 272.443 406.402 8.544 8.24621 8.544 8.24621
-0.501848 -0.429794 290.083 318.473 270.439 406.318 8.544 8.24621 8.544 8.24621
-0.661257 -0.436935 287.115 318.418 268.67 406.345 8.24621 9 8.544 8.24621
2.34906 -0.415163 284.346 318.475 268.019 406.374 9.05539 9 9.43398 8.24621
2.33739 -0.448325 280.949 318.431 269.258 406.444 9 9 8.544 8.24621
2.31821 -0.394255 276.215 318.461 271.08 406.465 9 9 8.544 8.24621
2.15127 -0.437617 272.546 318.459 272.884 406.477 9.21954 8.24621 8.544 8.24621
1.97733 -0.41385 266.808 318.451 277.389 406.488 9.84886 9.43398 8.544 8.24621
1.75965 -0.448343 262.781 318.462 281.882 406.431 9.43398 8.60233 8.544 8.24621
0.639473 -0.447863 258.302 318.424 287.285 406.502 9.05539 8.06226 8.544 8.24621
0.620203 -0.460342 254.198 318.512 292.2 406.296 9.05539 9 8.544 8.24621
0.612124 -0.480069 250.777 318.427 297.103 406.333 9.05539 8.24621 8.544 8.24621
0.539944 -0.48174 247.856 318.44 300.986 406.305 9.21954 8.24621 8.544 8.24621
0.418799 -0.391832 246.436 318.428 303.78 406.391 9.21954 8.48528 9.43398 8.24621
0.37598 -0.501148 246.327 318.479 306.287 406.353 9.48683 8.48528 8.544 8.24621
0.368186 -0.484798 245.791 318.392 307.143 406.362 9.84886 8.48528 8.544 8.24621
0.357915 -0.44254 246.899 318.491 307.427 406.415 9.84886 8.48528 8.544 8.24621
0.399268 -0.540154 247.074 318.51 307.786 406.472 9.48683 8.24621 8.544 8.24621
0.422925 -0.50463 248.404 318.515 307.899 406.489 9.48683 9 8.544 8.24621
0.344726 -0.400283 249.263 318.565 307.925 406.549 9.48683 8.24621 8.544 8.24621
0.365038 -0.399248 250.1 318.547 307.707 406.549 9.48683 8.24621 8.544 8.24621
0.338228 -0.409789 250.77 318.567 307.059 406.589 9.48683 8.48528 8.544 8.24621
0.375116 -0.366742 251.126 318.491 306.674 406.568 9.84886 8.24621 9.43398 8.24621
0.421155 -0.383798 251.886 318.477 306.005 406.588 9.48683 9 9.43398 8.24621
0.342959 -0.389602 252.393 318.348 305.996 406.549 9.48683 8.24621 9.43398 8.24621
0.408526 -0.469375 252.016 318.404 305.357 406.566 9.48683 8.24621 8.544 8.24621
0.361934 -0.468793 251.953 318.428 304.965 406.567 9.48683 8.24621 8.544 8.24621
0.383658 -0.48347 252.509 318.426 304.734 406.524 9.48683 8.24621 8.544 8.24621
0.424281 -0.462521 252.188 318.421 304.404 406.521 9.48683 8.24621 8.544 8.24621
0.340922 -0.444691 252.039 318.399 304.148 406.527 9.48683 8.24621 8.544 8.24621
0.37638 -0.461584 252.263 318.477 304.23 406.522 9.48683 8.24621 8.544 8.24621
0.414621 -0.418194 252.241 318.415 304.089 406.507 9.48683 8.24621 8.544 8.24621
0.362623 -0.411968 252.366 318.501 303.935 406.481 9.48683 8.24621 8.544 8.24621
0.357305 -0.430776 252.324 318.532 304.021 406.508 9.48683 8.24621 8.544 8.24621
0.335109 -0.430299 252.173 318.482 303.963 406.486 9.48683 8.24621 8.544 8.24621
0.323762 -0.443287 252.381 318.406 303.768 406.511 9.48683 8.24621 8.544 8.24621
0.355983 -0.478053 252.198 318.398 303.783 406.51 9.48683 8.24621 8.544 8.24621
0.340938 -0.449456 252.188 318.38 303.522 406.512 9.48683 8.24621 8.544 8.24621
0.332446 -0.476839 252.493 318.335 303.641 406.545 9.48683 8.24621 8.544 8.24621
0.357914 -0.455464 252.41 318.365 303.494 406.526 9.48683 8.24621 8.544 8.24621
0.438247 -0.407608 252.276 318.342 303.361 406.549 9.21954 8.24621 9.43398 8.24621
0.356185 -0.431826 251.887 318.483 303.158 406.603 9.48683 8.24621 8.544 8.24621
0.328219 -0.375646 252.127 318.486 303.036 406.482 9.48683 8.24621 9.43398 8.24621
0.300004 -0.43872 252.738 318.543 303.092 406.497 9.48683 8.48528 8.544 8.24621
0.346451 -0.460813 253.069 318.419 303.106 406.553 9.48683 8.24621 8.544 8.24621
0.39068 -0.506205 253.227 318.512 303.257 406.529 9.48683 8.24621 8.544 8.24621
0.352695 -0.471063 253.244 318.457 303.179 406.57 9.48683 8.24621 8.544 8.24621
0.344938 -0.466275 253.422 318.571 303.243 406.556 9.48683 8.24621 8.544 8.24621
0.383789 -0.466235 253.549 318.418 303.303 406.566 9.48683 8.24621 8.544 8.24621
0.389192 -0.469226 253.619 318.488 302.996 406.56 9.48683 8.24621 8.544 8.24621
0.289931 -0.39369 253.715 318.467 302.993 406.527 9.48683 8.24621 9.43398 8.24621
0.323033 -0.468793 254.245 318.428 302.906 406.567 9.48683 8.24621 8.544 8.24621
0.312893 -0.444691 254.353 318.399 303.131 406.527 9.48683 8.24621 8.544 8.24621
0.395027 -0.405804 255.267 318.391 303.445 406.531 9.48683 8.24621 9.43398 8.24621
0.380108 -0.451276 256.122 318.332 303.488 406.528 9.21954 8.24621 8.544 8.24621
0.331664 -0.451013 257.373 318.382 303.663 406.551 9.48683 8.24621 8.544 8.24621
0.297577 -0.468138 258.345 318.357 303.638 406.546 9.48683 8.24621 8.544 8.24621
0.180272 -0.431673 260.315 318.395 303.644 406.57 8.94427 8.94427 8.544 8.24621
0.234381 -0.442456 262.405 318.318 303.771 406.547 8.94427 8.94427 8.544 8.24621
-0.318064 -0.477088 264.836 318.36 304.228 406.563 8.60233 8.94427 8.544 8.24621
-0.328909 -0.442456 267.797 318.318 304.879 406.547 8.94427 8.06226 8.544 8.24621
-0.696458 -0.451165 270.614 318.367 306.054 406.582 9 9 8.544 8.24621
-0.711561 -0.451165 273.88 318.367 307.691 406.582 8.06226 9 8.544 8.24621
-0.519196 -0.442456 277.369 318.318 310.012 406.547 8.544 8.24621 8.544 8.24621
-0.271431 -0.450325 281.169 318.328 312.185 406.578 8.60233 8.24621 8.544 8.24621
-0.328833 -0.444445 284.435 318.352 315.16 406.548 9.43398 8.24621 8.544 8.24621
-0.251068 -0.451955 286.733 318.361 318.888 406.573 9.21954 8.24621 8.544 8.24621
-0.327417 -0.499185 288.979 318.408 322.882 406.587 9.43398 8.24621 8.544 8.24621
-0.283928 -0.499185 291.126 318.408 327.534 406.587 8.60233 8.48528 8.544 8.24621
-0.23361 -0.499185 293.151 318.408 331.78 406.587 9.21954 8.48528 8.544 8.24621
-0.194528 -0.507344 295.307 318.39 336.535 406.578 9.21954 8.48528 8.544 8.24621
-0.158477 -0.511212 296.812 318.448 341.281 406.615 9.21954 8.48528 8.544 8.24621
-0.104134 -0.376515 299.161 318.469 346.074 406.58 9.21954 8.48528 8.94427 8.24621
-0.01703 -0.411653 300.468 318.434 351.147 406.563 9.21954 8.48528 8.94427 8.24621
