0.282858 0.282858  305.685  401.611 9.84886 8.06226 9.84886 8.06226
0 0.511262 0 304.33 0 398.833 9.21954 9.21954 9.21954 8.24621
0 0.589558 0 302.487 0 394.379 9.21954 9.21954 9.05539 8.24621
0.511551 -0.711923 286.302 324.731 375.746 409.819 9.21954 8.24621 8.06226 9
0.459566 -0.722388 283.245 324.498 364.128 410.339 9.21954 8.24621 8.06226 9
0.255145 -0.724186 279.787 324.429 350.511 410.681 9.84886 8.24621 8.06226 9
0.169905 -0.724261 276.08 324.007 336.328 410.698 9.43398 8.48528 8.06226 9
0.158235 -0.736301 272.277 323.681 321.458 410.117 9.43398 8.48528 8.06226 9
0.00911943 -0.781391 268.334 323.382 306.769 409.738 9.21954 8.48528 9 9
0.000704361 -0.761506 264.49 322.813 292.445 409.232 9.21954 8.48528 9 9
-0.165269 -0.748383 260.603 322.279 278.75 409.26 9.21954 8.48528 9 9
-0.27538 -0.73344 256.25 321.799 266.495 409.297 8.60233 8.48528 8.06226 9
-0.308352 -0.760193 252.761 321.564 254.82 409.259 8.60233 8.48528 8.06226 9
-0.329684 -0.743686 249.848 321.41 244.503 409.167 8.60233 8.24621 8.06226 9
-0.298183 -0.702973 247.311 321.223 234.53 409.17 8.60233 8.48528 8.06226 9
-0.326927 -0.731275 245.012 321.465 225.759 408.959 9.43398 8.24621 8.06226 9
-0.382083 -0.766597 243.289 321.392 218.01 408.87 9.43398 8.24621 9 9
-0.203393 -0.732259 242.059 321.577 211.301 408.638 9.21954 8.48528 9 9
-0.251882 -0.699214 241.142 321.602 205.403 408.505 9.43398 8.48528 8.06226 9
-0.246303 -0.746185 240.43 321.771 200.605 408.307 9.21954 8.48528 8.06226 9
-0.153955 -0.718592 240.405 321.936 196.186 408.24 9.21954 8.48528 8.06226 9
-0.201144 -0.75661 240.105 322.065 192.676 408.218 9.21954 8.48528 9 9
-0.175467 -0.709097 240.322 322.106 190.23 408.209 9.21954 8.48528 8.06226 9
-0.0455958 -0.738617 240.312 322.127 188.325 408.26 9.21954 8.48528 8.06226 9
-0.052572 -0.731209 240.999 322.212 187.094 408.268 9.21954 8.48528 8.06226 9
-0.0495816 -0.751345 241.24 322.086 186.058 408.314 9.21954 8.48528 9 9
0.0232936 -0.733834 241.785 321.932 185.956 408.336 9.21954 8.48528 9 9
0.168239 -0.684632 242.313 321.758 186.229 408.365 8.94427 8.48528 8.06226 9
0.198731 -0.716244 243.159 321.871 186.982 408.375 8.94427 8.48528 8.06226 9
0.205872 -0.721092 244.023 321.737 188.517 408.35 8.94427 8.48528 8.06226 9
0.288129 -0.737155 244.756 321.748 190.623 408.321 8.94427 8.48528 8.06226 9
0.380749 -0.72028 245.468 321.783 193.091 408.26 9.21954 8.48528 8.06226 9
0.347181 -0.704569 246.489 321.709 195.96 408.392 9.48683 8.48528 8.06226 9
0.338721 -0.748273 246.934 321.97 199.144 408.205 9.48683 8.24621 9 9
0.339749 -0.728351 247.808 321.927 202.926 408.208 9.84886 8.24621 9 9
0.442213 -0.758845 248.68 322.031 206.982 408.257 9.21954 9 9 9
0.336002 -0.721472 249.242 322.082 211.394 408.228 9.84886 8.24621 8.06226 9
0.35617 -0.727959 250.258 322.108 216.067 408.174 9.84886 9 8.06226 9
0.350231 -0.729415 250.858 322.148 221.37 408.127 9.84886 9 8.06226 9
0.348122 -0.740403 251.68 322.004 226.949 408.126 9.84886 8.24621 8.06226 9
0.378839 -0.744004 252.476 321.989 232.699 408.055 9.84886 8.24621 9 9
0.416011 -0.750907 253.506 321.895 238.828 408.103 9.48683 8.48528 9 9
0.344739 -0.760121 254.325 321.841 245.526 408.152 8.94427 8.48528 9 9
0.471199 -0.756883 255.316 321.866 252.304 408.131 9.48683 9 9 9
0.511722 -0.719801 256.343 321.924 259.629 407.979 9.21954 8.24621 8.06226 9
0.501037 -0.752411 257.331 321.948 267.001 408.17 9.21954 8.24621 9 9
0.541975 -0.759417 258.385 321.97 274.624 408.124 9.21954 8.24621 9 9
0.612204 -0.727938 259.213 322.056 282.337 408.174 9.05539 8.24621 9 9
0.62068 -0.749306 260.371 322.084 290.193 408.167 9 8.24621 9 9
0.692755 -0.749306 261.461 322.084 298.057 408.167 9 8.24621 9 9
0.67256 -0.73061 262.459 322.239 305.793 408.133 9 8.24621 8.06226 9
0.667954 -0.732577 263.619 322.19 313.306 408.124 9 8.24621 8.06226 9
0.735489 -0.737801 264.543 322.247 320.578 408.192 9 8.24621 9 9
0.711091 -0.735155 265.237 322.181 327.405 408.211 9 8.24621 8.06226 9
0.859428 -0.757299 265.752 322.171 333.402 408.17 9.05539 9 8.06226 9
0.799063 -0.720547 266.264 322.199 338.547 408.088 9.05539 9 8.06226 9
0.864494 -0.747476 266.632 322.182 343.09 408.164 9.05539 9.21954 8.06226 9
0.875197 -0.757563 266.746 322.253 346.218 408.101 9.21954 9 8.06226 9
0.825299 -0.751924 266.994 322.266 348.819 408.061 9.05539 9 9 9
0.842717 -0.734294 267.058 322.193 350.211 408.126 9.05539 9 8.06226 9
0.814105 -0.749985 267.122 322.14 350.964 408.073 9.05539 9 9 9
0.806088 -0.735986 267.128 322.191 351.358 408.173 9.05539 9 8.06226 9
0.837747 -0.734094 267.236 322.339 351.072 408.14 9.05539 9 8.06226 9
0.805148 -0.736114 267.084 322.315 350.54 408.189 9.05539 9 8.06226 9
0.85066 -0.744863 267.223 322.3 349.844 408.182 9.05539 9 8.06226 9
0.86465 -0.692463 266.986 322.253 348.819 408.267 9.21954 9.21954 8.06226 9
0.803489 -0.722364 266.911 322.259 347.662 408.248 9.05539 9 8.06226 9
0.802573 -0.727136 266.84 322.215 346.556 408.217 9.05539 9 8.06226 9
0.872498 -0.728657 266.875 322.289 345.496 408.187 9.05539 9 8.06226 9
0.801619 -0.775827 266.854 322.277 344.311 408.071 9.05539 9.21954 9 9
0.839457 -0.751814 266.755 322.184 343.3 408.111 9.05539 9.21954 9 9
0.83336 -0.754419 266.766 322.196 342.289 408.045 9.05539 9 9 9
0.78608 -0.74625 266.483 322.006 341.48 408.087 9.05539 9 9 9
0.824144 -0.750813 266.594 321.859 340.915 408.103 9.05539 9 9 9
0.798033 -0.761356 266.369 322.012 340.258 408.007 9.05539 9 9 9
0.797806 -0.757005 266.45 321.953 339.719 408.025 9.05539 9 9 9
0.794869 -0.743518 266.287 322.016 339.13 408.034 9.05539 9 9 9
0.743653 -0.741587 266.271 321.967 338.576 408.071 9 8.24621 9 9
0.821062 -0.77656 266.423 322.23 338.234 407.969 9.05539 9.21954 8.06226 9
0.772609 -0.767637 266.621 322.164 337.464 407.973 9.05539 8.24621 9 9
0.73628 -0.75245 266.964 322.231 336.738 407.839 9.05539 9 9 9
0.705024 -0.770418 267.496 322.211 335.806 408.043 9 8.24621 9 9
0.717476 -0.754686 268.417 322.297 334.699 407.994 9.05539 9 9 9
0.625535 -0.752337 269.774 322.176 333.344 408.085 9.05539 8.24621 9 9
0.643662 -0.750016 271.297 322.16 331.663 408.083 9 8.24621 9 9
0.426919 -0.748887 273.042 322.238 329.941 408.131 9.21954 8.24621 9 9
0.332128 -0.757074 275.085 322.242 328.183 408.144 9.48683 8.24621 9 9
0.236719 -0.736615 276.487 322.279 326.719 408.161 9.43398 8.24621 8.06226 9
0.163423 -0.715477 277.933 322.272 325.587 408.154 8.94427 8.48528 8.06226 9
0.0803706 -0.696957 279.233 322.372 324.945 408.006 9.21954 8.48528 8.06226 9
0.0825176 -0.731293 280.956 322.233 325.242 408.176 9.21954 8.48528 8.06226 9
0.0179739 -0.736861 282.304 322.172 325.993 408.207 9.21954 8.48528 8.06226 9
0.0323963 -0.750875 284.362 322.298 327.363 408.109 9.21954 8.48528 9 9
0.0373889 -0.749279 285.988 322.15 329.264 408.221 9.21954 8.48528 8.06226 9
0.0261692 -0.746902 287.608 322.146 331.397 408.225 9.21954 8.48528 8.06226 9
0.0675139 -0.73306 289.495 322.118 334.377 408.271 9.21954 8.48528 9 9
-0.0550432 -0.736709 290.932 322.104 337.629 408.201 9.21954 8.48528 8.06226 9
0.0387671 2.3467 292.657 322.073 341.386 408.216 9.21954 8.48528 9 9
0.0371731 -0.745186 294.743 322.218 345.211 408.04 9.21954 8.48528 9 9
0.0226877 -0.764035 296.307 322.151 349.117 408.139 9.21954 8.48528 8.06226 9
