0.000000 0.000000 0.000000 0.000000
-305.685000 -7.232000 -0.629320 1.157280
375.746000 10.986000 0.000000 -0.973330
364.128000 15.960000 0.000000 -0.973330
-25.235000 0.862000 0.629320 0.000000
-27.800000 0.359000 0.214440 0.239070
-29.053000 -0.564000 -0.414880 0.239070
-29.559000 -0.960000 -0.214440 0.000000
-29.013000 -0.885000 -0.214440 0.000000
-28.019000 -0.478000 0.000000 0.000000
-25.950000 0.065000 -0.617210 0.000000
-23.930000 -0.001000 -0.617210 0.000000
-21.992000 -0.130000 0.000000 -0.239070
-20.290000 -0.089000 0.000000 0.000000
-18.744000 -0.208000 0.831650 0.000000
-16.520000 -0.300000 0.831650 -0.239070
-14.458000 -0.321000 -0.214440 0.239070
-12.607000 -0.365000 0.000000 0.239070
-10.696000 -0.331000 0.000000 0.000000
-9.217000 -0.265000 -0.214440 0.000000
-7.929000 -0.089000 0.000000 0.000000
-5.956000 -0.031000 0.000000 0.000000
-4.351000 0.042000 0.000000 0.000000
-3.136000 0.059000 0.000000 0.000000
-2.267000 0.054000 0.000000 0.000000
-1.138000 0.068000 0.000000 0.000000
0.171000 0.051000 -0.275270 0.000000
1.026000 0.039000 -0.275270 0.000000
2.288000 -0.015000 0.000000 0.000000
3.641000 -0.054000 0.000000 0.000000
4.574000 -0.090000 0.275270 0.000000
5.337000 0.071000 0.542560 0.000000
6.053000 -0.055000 0.267290 -0.239070
6.966000 -0.184000 0.362030 -0.239070
7.838000 0.052000 -0.267290 0.753790
8.468000 0.020000 0.000000 0.000000
9.085000 -0.083000 0.629320 0.000000
9.976000 -0.101000 0.000000 0.753790
10.882000 -0.048000 0.000000 -0.753790
11.329000 -0.072000 0.000000 -0.753790
11.879000 -0.023000 -0.362030 0.239070
12.827000 0.097000 -0.904590 0.239070
13.476000 0.028000 0.000000 0.514720
14.103000 -0.173000 0.275270 -0.239070
14.697000 0.039000 -0.267290 -0.753790
14.995000 0.145000 0.000000 0.000000
15.336000 0.004000 -0.164150 0.000000
15.569000 0.043000 -0.219540 0.000000
15.720000 -0.007000 -0.055390 0.000000
15.600000 -0.034000 0.000000 0.000000
15.249000 -0.043000 0.000000 0.000000
14.785000 0.059000 0.000000 0.000000
14.099000 0.087000 0.000000 0.000000
12.824000 -0.022000 0.055390 0.753790
11.142000 -0.123000 0.055390 0.753790
9.688000 -0.006000 0.000000 0.219540
7.671000 0.013000 0.164150 0.000000
5.729000 -0.103000 0.000000 -0.219540
3.993000 0.025000 -0.164150 0.000000
2.145000 0.012000 0.000000 0.000000
1.147000 0.047000 0.000000 0.000000
0.108000 0.067000 0.000000 0.000000
-0.818000 0.016000 0.000000 0.000000
-1.228000 0.042000 0.000000 0.000000
-1.721000 0.078000 0.164150 0.219540
-2.182000 0.066000 0.000000 0.000000
-2.263000 -0.050000 -0.164150 -0.219540
-2.166000 -0.061000 0.000000 0.000000
-2.245000 -0.146000 0.000000 0.219540
-2.196000 -0.076000 0.000000 0.219540
-2.022000 -0.026000 0.000000 -0.219540
-1.820000 -0.024000 0.000000 -0.219540
-1.374000 0.058000 0.000000 0.000000
-1.222000 -0.080000 0.000000 0.000000
-1.196000 -0.078000 0.000000 0.000000
-1.128000 0.027000 0.000000 0.000000
-1.143000 0.046000 -0.055390 -0.753790
-0.896000 -0.065000 0.000000 0.219540
-1.112000 -0.098000 0.055390 0.000000
-1.496000 -0.130000 0.000000 -0.219540
-1.658000 0.070000 -0.055390 0.000000
-2.039000 0.155000 0.000000 0.000000
-2.462000 0.042000 0.055390 0.000000
-3.036000 0.089000 -0.055390 -0.753790
-3.403000 0.046000 0.164150 0.000000
-3.480000 0.061000 0.486830 0.000000
-3.222000 0.030000 0.214440 0.000000
-2.596000 0.010000 -0.542560 0.239070
-1.774000 -0.155000 -0.214440 0.239070
-0.345000 0.022000 0.275270 0.000000
1.048000 0.201000 0.000000 0.000000
2.121000 -0.067000 0.000000 0.000000
3.271000 0.014000 0.000000 0.000000
4.034000 0.116000 0.000000 0.000000
5.113000 0.050000 0.000000 0.000000
6.232000 -0.024000 0.000000 0.000000
7.009000 -0.055000 0.000000 0.000000
7.582000 -0.161000 0.000000 0.000000
7.731000 -0.077000 0.000000 0.000000
0.000000 0.000000 0.000000 0.000000
