0.000000 0.000000 0.000000 0.000000
-58.716000 0.354000 254.015000 0.397000
0.180000 0.180000 0.356000 0.356000
59.191000 0.121000 -253.599000 0.019000
0.069000 0.069000 -0.098000 -0.098000
-118.821000 0.105000 204.663000 -0.108000
-121.299000 -24.050000 190.156000 254.049000
-5.436000 -24.788000 -29.870000 254.092000
-6.044000 24.567000 -30.255000 -254.413000
-5.757000 25.367000 -30.346000 -254.369000
-4.956000 0.340000 -31.104000 0.030000
-5.015000 -24.618000 -31.558000 254.361000
-5.592000 0.201000 -30.769000 0.072000
-5.047000 -1.390000 -28.016000 0.475000
-3.474000 -25.387000 -24.019000 254.339000
-2.867000 -0.342000 -20.224000 -0.120000
-2.897000 -1.104000 -16.555000 0.422000
-2.913000 0.277000 -12.974000 -0.115000
-2.743000 1.602000 -10.515000 -0.189000
-2.531000 27.695000 -8.089000 -253.864000
-2.284000 26.506000 -5.960000 -254.310000
-1.702000 0.504000 -3.338000 -0.124000
-1.636000 0.734000 -0.826000 -0.117000
-1.662000 0.100000 0.960000 1.095000
-2.013000 -0.270000 3.532000 1.692000
-2.452000 0.440000 6.325000 0.342000
-2.764000 0.516000 9.682000 0.146000
-3.268000 0.348000 13.993000 0.477000
-3.617000 0.434000 18.847000 0.174000
-3.435000 0.761000 23.785000 -0.475000
-3.348000 -28.997000 27.892000 252.372000
-3.662000 -29.881000 29.177000 252.606000
-4.427000 -0.128000 28.421000 0.014000
-5.080000 1.353000 26.193000 -0.185000
-4.429000 30.646000 22.062000 -252.540000
-2.899000 -0.940000 16.094000 -0.049000
-0.819000 -30.555000 9.093000 252.811000
1.295000 30.558000 3.532000 -252.243000
2.581000 30.182000 -0.190000 -252.682000
2.754000 -30.133000 -2.396000 252.201000
2.197000 -0.854000 -2.804000 0.004000
1.431000 0.347000 -2.334000 -0.219000
0.609000 -29.337000 -2.223000 252.651000
-0.080000 0.334000 -1.672000 0.630000
-0.539000 -0.174000 -1.063000 -0.145000
-0.787000 -1.779000 -0.832000 -0.320000
-0.920000 28.967000 -0.488000 -253.699000
-1.221000 29.072000 -0.398000 -252.946000
-1.001000 -0.657000 -0.089000 0.583000
-0.584000 -0.125000 0.280000 -0.124000
-0.398000 -0.083000 0.380000 0.580000
-0.039000 -0.275000 0.577000 0.676000
0.221000 -0.034000 0.666000 -0.458000
0.443000 0.122000 0.546000 -0.382000
0.278000 -28.554000 0.428000 253.006000
0.156000 -0.156000 0.550000 -0.168000
0.304000 1.967000 0.276000 -0.482000
0.377000 -27.694000 0.233000 253.224000
0.633000 26.501000 0.585000 -253.623000
0.547000 -0.586000 0.383000 -0.293000
0.185000 -0.183000 0.044000 0.309000
0.047000 28.196000 -0.079000 -253.892000
-0.022000 -27.321000 -0.006000 253.706000
-0.004000 0.064000 -0.165000 -0.110000
-0.004000 27.470000 -0.262000 -254.270000
-0.094000 -0.008000 -0.223000 -0.099000
-0.219000 -27.779000 -0.136000 253.988000
-0.487000 -27.762000 -0.472000 254.665000
-0.484000 1.537000 -0.389000 -0.097000
-0.397000 0.377000 -0.263000 -0.818000
-0.431000 26.255000 -0.660000 -253.921000
-0.320000 -0.806000 -0.927000 0.324000
-0.157000 -28.049000 -1.098000 254.692000
0.056000 0.612000 -1.310000 -0.618000
0.321000 27.539000 -1.727000 -254.426000
0.734000 0.209000 -1.941000 0.126000
1.228000 -0.477000 -1.837000 0.604000
1.491000 26.636000 -2.011000 -253.696000
1.697000 -26.709000 -1.978000 253.381000
2.120000 -0.160000 -1.167000 -0.091000
2.399000 0.069000 -1.142000 0.116000
2.497000 -0.543000 -0.606000 0.284000
2.630000 0.482000 1.097000 -0.259000
3.298000 -26.049000 2.382000 254.164000
4.005000 0.196000 3.213000 0.240000
4.454000 25.455000 4.457000 -254.484000
4.999000 24.725000 6.088000 -254.486000
5.126000 -25.913000 7.045000 254.160000
5.113000 -25.748000 8.417000 254.480000
5.437000 -0.885000 10.446000 0.215000
5.836000 24.762000 12.183000 -254.034000
6.212000 25.774000 13.475000 -254.024000
6.589000 -25.125000 14.950000 253.692000
7.063000 -0.108000 15.882000 -0.264000
7.053000 25.067000 15.721000 -254.275000
6.497000 -25.449000 15.135000 253.982000
6.179000 -0.365000 13.912000 -0.068000
5.851000 -36.873000 13.277000 -1.146000
120.246000 -0.539000 -222.085000 -0.194000
0.000000 0.000000 0.000000 0.000000
