0.000000 0.000000 0.000000 0.000000
-0.579000 -39.020000 -0.205000 144.213000
-1.133000 -1.133000 -0.285000 -0.285000
-0.857000 -0.857000 -0.565000 -0.565000
-0.616000 -0.616000 -1.453000 -1.453000
-0.080000 -0.080000 -2.455000 -2.455000
0.215000 0.215000 -3.531000 -3.531000
0.729000 0.729000 -4.529000 -4.529000
1.129000 1.129000 -5.915000 -5.915000
-30.614000 65.134000 -11.248000 3.134000
-33.801000 60.455000 -17.213000 8.212000
-5.761000 -3.800000 -20.399000 1.432000
-7.610000 0.712000 -21.844000 -0.325000
-10.364000 0.326000 -20.949000 -0.166000
-13.561000 1.003000 -17.607000 -0.313000
-16.066000 0.856000 -12.496000 -0.251000
-14.939000 -0.022000 -10.997000 0.115000
-12.028000 0.512000 -13.220000 -0.111000
51.496000 0.281000 -58.643000 -0.120000
66.714000 6.255000 112.757000 -2.596000
9.784000 6.349000 164.465000 -2.755000
-0.293000 0.304000 -0.014000 -0.401000
-86.809000 -0.371000 -155.607000 0.014000
8.875000 -0.184000 -270.686000 0.048000
95.256000 -6.704000 -115.299000 2.844000
-0.135000 -0.634000 -0.179000 0.348000
-0.098000 -0.457000 -0.138000 0.113000
0.063000 -7.004000 0.176000 2.910000
0.239000 -0.213000 66.956000 0.096000
-0.422000 -0.387000 66.529000 -0.085000
-0.381000 -0.387000 -0.440000 0.169000
-0.001000 -0.373000 0.152000 0.131000
-0.265000 0.145000 0.299000 -0.129000
0.250000 0.066000 0.174000 -0.015000
0.137000 -0.456000 0.463000 0.077000
0.034000 0.253000 0.404000 0.027000
0.076000 0.492000 -66.017000 -0.162000
-0.245000 0.232000 -65.957000 -0.141000
0.232000 0.255000 0.311000 0.066000
0.571000 0.237000 0.515000 0.038000
0.239000 0.242000 0.592000 -0.234000
-98.553000 0.325000 95.665000 -0.136000
-96.436000 7.019000 103.249000 -2.980000
4.118000 0.241000 16.611000 -0.125000
4.768000 -6.787000 18.148000 3.078000
5.137000 6.435000 18.692000 -2.661000
4.458000 0.499000 19.138000 -0.229000
3.811000 -5.979000 18.583000 2.483000
2.562000 0.015000 16.232000 -0.008000
1.648000 6.445000 13.085000 -2.561000
1.743000 0.735000 10.324000 -0.241000
1.381000 -0.387000 7.802000 0.101000
1.162000 5.953000 5.176000 -2.562000
1.047000 0.724000 3.458000 -0.254000
0.465000 0.208000 1.682000 0.001000
-0.128000 -0.087000 0.486000 0.019000
-0.444000 0.547000 -0.004000 -0.318000
-0.626000 -0.057000 -0.915000 -0.081000
-0.551000 0.009000 -1.022000 -0.016000
-0.063000 0.171000 -1.093000 -0.024000
-0.264000 -0.696000 -1.252000 0.309000
-0.550000 -0.515000 -1.129000 0.061000
-0.584000 -0.135000 -0.963000 -0.078000
-0.686000 -0.488000 -0.960000 0.166000
-0.715000 -0.140000 -1.036000 -0.102000
-0.686000 0.578000 -0.497000 -0.415000
-0.755000 -0.288000 -0.440000 0.225000
-0.246000 0.360000 -0.394000 -0.291000
0.021000 0.428000 0.004000 -0.242000
-0.114000 -0.297000 -0.175000 0.383000
-0.288000 0.156000 -0.015000 -0.135000
-0.082000 -0.389000 0.017000 0.150000
0.246000 -0.096000 -0.292000 0.181000
-0.421000 0.609000 0.248000 -0.231000
-0.214000 0.011000 0.310000 0.083000
0.085000 -0.190000 -0.154000 0.185000
0.005000 -0.190000 -0.095000 -0.076000
-0.101000 -0.007000 0.152000 0.109000
-0.181000 0.075000 0.202000 0.058000
0.792000 0.121000 0.247000 -0.009000
2.044000 -0.488000 0.156000 0.377000
1.158000 -0.297000 0.358000 0.031000
0.676000 1.074000 0.915000 -0.485000
1.886000 0.137000 0.634000 0.085000
2.518000 -0.840000 0.817000 0.419000
3.345000 -5.779000 2.168000 2.442000
4.140000 -5.652000 3.173000 2.492000
4.312000 -0.368000 3.767000 0.364000
5.232000 -0.320000 4.364000 0.080000
5.901000 6.391000 4.743000 -2.797000
5.306000 6.317000 5.394000 -2.724000
5.153000 -6.739000 6.317000 2.910000
5.664000 -0.046000 6.723000 0.071000
6.174000 6.798000 6.988000 -3.072000
5.810000 0.400000 7.509000 -0.267000
5.715000 1.264000 7.647000 -0.523000
5.838000 1.988000 7.800000 -1.019000
5.924000 2.366000 8.212000 -1.181000
5.293000 2.330000 8.372000 -1.008000
0.000000 0.000000 0.000000 0.000000
