1.94122 1.94122 344.335 344.335 140.242 140.242 9.89949 9.21954 9.89949 9.21954
1.93331 1.93331 344.544 344.544 140.36 140.36 9.89949 9.21954 9.89949 9.21954
0.359717 1.92818 285.619 344.689 394.257 140.639 9.84886 9.21954 9.89949 9.21954
1.91605 1.91605 344.724 344.724 140.716 140.716 9.89949 9.21954 9.89949 9.21954
1.91142 1.91142 344.81 344.81 140.658 140.658 9.89949 9.21954 9.89949 9.21954
1.87817 1.87817 344.793 344.793 140.618 140.618 9.89949 9.21954 9.89949 9.21954
1.08057 1.88065 225.989 344.915 345.321 140.55 9.48683 9.05539 9.89949 9.21954
0.980154 -0.248891 223.494 320.743 330.774 394.667 9.48683 9 9.21954 9.21954
0.901138 -0.27911 220.553 320.127 315.451 394.642 9.05539 9 9.21954 9.21954
0.667671 1.95506 217.45 345.31 300.519 140.254 9 8.24621 9.89949 9.21954
0.571105 1.96417 214.796 345.494 285.105 140.273 9.21954 8.24621 9.89949 9.21954
0.3241 1.96235 212.494 345.65 269.415 140.284 8.94427 8.24621 9.89949 9.21954
0.572432 -0.363072 209.781 320.876 253.547 394.634 9.21954 8.24621 9.21954 9.21954
0.388024 1.90957 206.902 345.851 238.646 140.356 9.84886 8.24621 9.89949 9.21954
0.275546 -0.284208 204.734 319.486 225.531 395.109 8.94427 8.24621 9.21954 9.21954
0.35439 -0.316233 203.428 320.464 214.627 394.695 8.94427 8.24621 9.21954 9.21954
-0.0204087 -0.333114 201.867 319.144 205.307 394.989 9.21954 8.48528 9.21954 9.21954
-0.226989 -0.335982 200.531 319.36 198.072 395.117 8.60233 8.24621 9.21954 9.21954
-0.103114 -0.299936 198.954 319.421 192.333 394.874 9.21954 8.48528 9.21954 9.21954
-0.297677 -0.205446 197.788 320.962 187.557 394.928 9.43398 8.24621 9.21954 9.21954
-0.309282 1.8497 196.423 347.116 184.244 141.01 9.43398 8.24621 9.89949 9.21954
-0.236415 1.8588 195.504 347.468 181.597 140.618 9.43398 8.24621 9.89949 9.21954
1.10363 1.92465 194.721 347.62 180.906 140.886 10.2956 9.21954 9.89949 9.21954
2.00446 1.91787 193.868 348.202 180.771 140.501 10.2956 8.544 9.89949 9.21954
1.02872 1.97932 193.059 347.72 181.866 141.981 9.48683 9.21954 9.89949 9.21954
0.653841 2.05776 191.855 347.932 184.303 142.193 9.05539 8.24621 9.89949 9.21954
0.441192 1.95341 190.607 348.16 188.191 142.323 9.84886 8.24621 9.89949 9.21954
0.411728 1.89293 189.091 348.448 193.985 142.339 9.84886 8.24621 9.89949 9.21954
1.24738 1.85928 187.339 348.508 202.184 142.8 10.2956 9.21954 9.89949 9.21954
0.959388 1.95326 185.474 348.882 212.832 142.513 9.21954 9.21954 9.89949 9.21954
1.01628 1.92597 183.904 349.269 225.969 142.325 9.48683 9.21954 9.89949 9.21954
0.93398 -0.328102 182.126 319.885 240.724 394.885 9.21954 9 9.21954 9.21954
1.27625 -0.311477 180.242 319.388 255.146 394.931 10.2956 9.84886 9.21954 9.21954
1.34397 -0.29465 177.699 319.757 269.145 394.899 9.43398 9.84886 9.21954 9.21954
1.4953 -0.236497 175.162 320.741 281.339 394.746 10 9.21954 9.21954 9.21954
1.46666 1.89698 173.27 350.403 291.207 142.359 9.21954 9.21954 9.89949 9.21954
1.49131 -0.368798 172.263 319.801 297.433 394.697 9.21954 9.21954 9.21954 9.21954
1.40802 -0.297235 172.451 319.848 300.3 395.17 9.43398 8.94427 9.21954 9.21954
1.43236 1.91046 173.558 350.359 300.965 142.454 9.21954 9.21954 9.89949 9.21954
1.33074 1.98749 175.032 350.03 300.11 142.488 9.43398 9.84886 9.89949 9.21954
1.35695 -0.374442 176.312 320.226 298.569 394.655 9.43398 9.84886 9.21954 9.21954
1.31533 1.95291 177.229 349.176 297.306 142.492 9.43398 9.84886 9.89949 9.21954
1.47627 -0.292561 177.743 320.573 296.235 394.436 9.21954 9.21954 9.21954 9.21954
1.43866 -0.316916 177.838 319.839 295.083 395.143 10 9.21954 9.21954 9.21954
1.40134 -0.344205 177.663 320.907 294.563 395.066 9.43398 9.84886 9.21954 9.21954
1.41304 -0.327901 177.299 319.665 294.02 394.998 9.43398 9.84886 9.21954 9.21954
1.3642 -0.266378 176.876 319.128 293.731 394.746 9.43398 9.84886 9.21954 9.21954
1.40828 1.88419 176.379 348.632 293.532 141.299 10 9.84886 9.89949 9.21954
1.34255 1.92507 175.655 348.2 293.333 141.8 9.43398 9.84886 9.89949 9.21954
1.41652 1.93579 175.378 347.975 293.443 141.882 9.21954 9.21954 9.89949 9.21954
1.39637 1.93378 175.071 348.075 293.613 141.676 9.43398 9.84886 9.89949 9.21954
1.39346 1.9455 174.98 347.892 293.823 142.462 9.43398 9.84886 9.89949 9.21954
1.46032 1.95653 175.032 347.8 294.19 142.352 9.21954 9.21954 9.89949 9.21954
1.38667 2.04286 175.201 347.858 294.489 142.004 9.43398 9.84886 9.89949 9.21954
1.33666 2.01004 175.475 347.922 294.736 141.97 9.43398 9.84886 9.89949 9.21954
1.39727 -0.325168 175.479 319.304 294.917 395.01 9.43398 9.84886 9.21954 9.21954
1.4036 2.0156 175.631 347.766 295.286 141.802 9.43398 9.84886 9.89949 9.21954
1.39063 -0.303011 175.783 321.271 295.193 394.528 9.43398 8.94427 9.21954 9.21954
1.31184 -0.261666 176.008 320.072 295.519 395.026 9.43398 9.84886 9.21954 9.21954
1.29427 1.896 176.416 347.772 295.778 140.905 9.43398 9.84886 9.89949 9.21954
1.32336 -0.37447 176.555 319.486 295.902 394.733 9.43398 9.84886 9.21954 9.21954
1.33986 1.90378 176.601 347.589 295.822 141.214 9.43398 9.84886 9.89949 9.21954
1.36314 1.87291 176.602 347.682 295.823 140.841 9.43398 9.84886 9.89949 9.21954
1.33053 -0.326296 176.579 320.268 295.816 394.92 9.43398 9.84886 9.21954 9.21954
1.36421 1.83107 176.598 347.746 295.658 140.731 9.43398 9.84886 9.89949 9.21954
1.29728 1.8104 176.575 347.738 295.554 140.65 10.2956 9.84886 9.89949 9.21954
1.3573 1.81208 176.504 347.738 295.435 140.632 9.43398 9.84886 9.89949 9.21954
1.30288 -0.35693 176.356 319.959 295.418 394.638 10.2956 9.84886 9.21954 9.21954
1.35454 -0.283175 176.017 319.976 294.963 395.297 9.43398 9.84886 9.21954 9.21954
1.4499 -0.344015 175.872 321.496 295.029 394.541 10 9.21954 9.21954 9.21954
1.42392 -0.263168 175.62 320.353 294.7 394.479 9.21954 9.21954 9.21954 9.21954
1.39832 1.82674 175.441 347.751 294.369 140.62 9.43398 9.84886 9.89949 9.21954
1.42534 -0.25818 175.3 319.547 293.773 394.803 10 9.21954 9.21954 9.21954
1.38891 -0.289588 175.284 319.702 293.271 395.312 9.43398 8.94427 9.21954 9.21954
1.46643 -0.159233 175.356 320.159 292.463 394.185 10 9.21954 9.21954 9.21954
1.36548 1.8626 175.605 347.241 291.544 140.886 9.43398 9.84886 9.89949 9.21954
1.4458 -0.328583 176.09 320.368 290.522 394.311 10 9.21954 9.21954 9.21954
1.4616 1.85502 176.833 346.764 289.707 141.49 10 9.21954 9.89949 9.21954
1.35091 1.90594 177.581 347.004 288.511 140.615 9.43398 9.84886 9.89949 9.21954
1.39314 -0.407515 178.53 320.055 287.729 394.871 10 9.84886 9.21954 9.21954
1.36762 1.92247 179.701 346.844 287.344 140.524 9.43398 9.84886 9.89949 9.21954
1.11546 -0.282215 180.929 320.124 286.587 394.987 9.48683 9.05539 9.21954 9.21954
1.27142 1.88309 182.198 346.301 286.738 140.808 9.84886 9.84886 9.89949 9.21954
1.2732 -0.395415 183.559 320.606 287.684 394.728 9.84886 9.84886 9.21954 9.21954
1.2681 -0.273419 185.496 320.252 289.12 394.972 9.43398 8.94427 9.21954 9.21954
0.8337 -0.310567 187.564 320.802 290.897 394.968 9.21954 9 9.21954 9.21954
0.976487 1.90288 189.95 345.707 293.577 140.488 9.21954 9.05539 9.89949 9.21954
0.733923 1.90858 192.563 345.527 296.985 140.482 9.05539 9 9.89949 9.21954
1.04271 -0.369202 195.076 319.794 300.622 394.648 9.48683 9.05539 9.21954 9.21954
0.946655 -0.310292 197.676 319.779 305.402 394.962 9.21954 9 9.21954 9.21954
0.145083 -0.409038 200.513 318.909 311.068 394.863 8.94427 8.48528 9.21954 9.21954
1.26542 1.88398 203.512 344.541 317.585 140.928 9.43398 9.84886 9.89949 9.21954
2.10389 1.93364 206.725 344.683 324.543 140.839 9.21954 8.544 9.89949 9.21954
-0.693095 -0.364049 210.101 319.416 332.535 394.62 9 9 9.21954 9.21954
-0.751834 1.93186 213.788 344.575 340.425 140.575 9 9 9.89949 9.21954
-0.666875 1.9524 217.154 344.483 348.256 140.345 8.24621 8.24621 9.89949 9.21954
2.33122 -0.349681 220.285 319.126 355.56 394.557 9 9 9.21954 9.21954
2.26261 1.92746 223.333 344.118 362.168 140.277 9.05539 8.24621 9.89949 9.21954
-0.579017 0.218351 226.136 282.253 368.837 393.411 8.24621 8.06226 9.84886 9.21954
1.92659 1.92659 343.579 343.579 140.083 140.083 9.89949 9.21954 9.89949 9.21954
