0.000000 0.000000 0.000000 0.000000
-0.048000 -0.048000 -0.130000 -0.130000
-0.024000 -0.024000 -0.107000 -0.107000
-0.024000 -0.024000 0.065000 0.065000
0.000000 0.000000 0.000000 0.000000
0.048000 0.048000 -0.042000 -0.042000
-0.048000 -0.048000 0.042000 0.042000
-0.048000 -0.048000 0.042000 0.042000
-54.707000 0.048000 252.728000 -0.042000
0.000000 0.000000 0.000000 0.000000
54.731000 -0.024000 -252.793000 -0.023000
-0.013000 -0.013000 -0.046000 -0.046000
-0.085000 -0.085000 0.061000 0.061000
-0.094000 -0.094000 0.073000 0.073000
-0.046000 -0.046000 0.031000 0.031000
0.039000 0.039000 0.053000 0.053000
0.000000 0.000000 0.000000 0.000000
-0.039000 -0.039000 -0.053000 -0.053000
0.000000 0.000000 0.000000 0.000000
0.000000 0.000000 0.000000 0.000000
-53.332000 0.000000 253.599000 0.000000
0.119000 0.119000 -0.050000 -0.050000
-0.241000 0.107000 -0.528000 -0.027000
0.084000 0.084000 -0.051000 -0.051000
53.803000 0.123000 -253.205000 -0.107000
-56.553000 0.069000 252.612000 0.238000
-61.231000 31.543000 252.205000 215.811000
56.653000 32.075000 -252.455000 201.564000
61.286000 1.574000 -252.042000 -27.686000
-109.000000 2.022000 188.842000 -28.152000
-109.654000 1.835000 175.153000 -28.536000
-0.883000 0.959000 -26.400000 -27.194000
-0.326000 0.116000 -26.055000 -25.397000
-0.097000 -0.931000 -25.296000 -23.227000
0.856000 -1.634000 -21.775000 -20.292000
1.868000 -2.345000 -18.637000 -17.292000
3.211000 -3.128000 -16.542000 -14.183000
4.182000 -3.673000 -13.667000 -11.321000
4.713000 -5.136000 -10.631000 -7.832000
5.164000 -5.678000 -7.090000 -4.272000
5.508000 -4.866000 -3.589000 -0.859000
4.895000 -4.522000 -0.369000 2.626000
4.110000 -3.402000 3.271000 5.419000
2.359000 -1.900000 5.882000 7.773000
-0.958000 -0.252000 7.702000 9.940000
-4.256000 2.601000 9.397000 11.853000
-9.994000 6.358000 10.818000 12.525000
-13.919000 10.719000 12.335000 11.957000
-16.067000 15.692000 14.170000 11.021000
-18.814000 18.327000 13.945000 11.254000
-21.194000 18.613000 10.387000 11.531000
-20.782000 20.088000 5.400000 6.573000
-15.116000 18.300000 3.129000 0.356000
-9.031000 12.579000 1.974000 -0.399000
-5.666000 7.394000 -0.366000 0.131000
-4.466000 4.310000 -2.249000 -0.967000
-3.409000 2.470000 -3.831000 -2.280000
-1.071000 0.693000 -3.861000 -2.453000
0.928000 -0.941000 -2.705000 -1.544000
1.776000 -1.823000 -1.976000 -0.623000
1.363000 -1.105000 -1.789000 -0.594000
0.984000 -1.149000 -1.474000 -0.009000
1.058000 -0.966000 -0.678000 0.252000
1.143000 -0.277000 -0.231000 0.222000
1.374000 -0.741000 0.074000 0.765000
0.994000 -0.613000 0.056000 0.644000
0.668000 -0.379000 0.002000 0.797000
0.826000 -0.650000 0.410000 0.882000
0.776000 -0.595000 0.512000 0.722000
0.153000 -0.361000 0.282000 0.582000
0.294000 -0.477000 0.555000 0.220000
0.449000 -0.452000 0.625000 0.825000
-0.687000 -1.092000 0.048000 1.333000
-0.793000 -0.331000 0.062000 0.341000
-0.295000 0.451000 0.701000 -0.135000
-0.078000 -0.162000 0.783000 0.116000
0.093000 -0.062000 0.234000 0.231000
0.707000 -0.607000 0.179000 0.539000
2.463000 -0.428000 0.645000 0.513000
2.082000 -0.244000 0.791000 0.537000
0.649000 -1.546000 1.171000 1.337000
-2.159000 -2.026000 1.252000 2.797000
-3.592000 -2.840000 1.817000 4.142000
-0.851000 -4.377000 4.263000 5.406000
0.718000 -5.836000 5.947000 7.266000
1.296000 -7.372000 7.183000 8.376000
1.806000 -7.516000 9.305000 8.983000
3.001000 -5.560000 10.852000 10.193000
4.049000 -4.178000 11.884000 11.602000
5.285000 -4.740000 12.807000 12.859000
6.514000 -6.033000 13.335000 13.683000
7.035000 -6.590000 13.462000 13.798000
7.685000 -5.479000 13.606000 14.150000
7.673000 -4.698000 13.457000 14.531000
7.704000 -4.441000 12.507000 14.269000
7.199000 -4.612000 12.249000 13.560000
6.336000 -4.491000 12.430000 12.511000
5.761000 -3.587000 11.835000 11.906000
6.105000 -2.940000 11.458000 11.605000
0.000000 0.000000 0.000000 0.000000
