0.000000 0.000000 0.000000 0.000000
4.311000 4.311000 -4.682000 -4.682000
5.533000 5.533000 -4.969000 -4.969000
3.727000 3.727000 -6.420000 -6.420000
3.329000 3.329000 -9.898000 -9.898000
2.429000 2.429000 -13.009000 -13.009000
0.657000 0.657000 -15.769000 -15.769000
2.108000 2.108000 -15.974000 -15.974000
0.527000 0.527000 -14.868000 -14.868000
-1.823000 -1.823000 -14.967000 -14.967000
-2.712000 -2.712000 -13.185000 -13.185000
-3.884000 -3.884000 -10.728000 -10.728000
-78.158000 81.670000 0.541000 -20.514000
-79.423000 86.074000 1.473000 -19.197000
-7.034000 -166.862000 -6.849000 14.206000
-6.458000 -171.955000 -5.714000 14.956000
-5.681000 -5.681000 -4.865000 -4.865000
-5.333000 -5.333000 -3.612000 -3.612000
-4.175000 -4.175000 -3.119000 -3.119000
-3.847000 -3.847000 -2.553000 -2.553000
-3.400000 -3.400000 -1.828000 -1.828000
-2.638000 -2.638000 -1.325000 -1.325000
-2.741000 -2.741000 -0.903000 -0.903000
-2.680000 -2.680000 -0.253000 -0.253000
-2.478000 -2.478000 0.617000 0.617000
-2.057000 -2.057000 0.277000 0.277000
-1.500000 -1.500000 -0.389000 -0.389000
-1.278000 -1.278000 -0.206000 -0.206000
-1.213000 -1.213000 -0.206000 -0.206000
-0.533000 -0.533000 -0.228000 -0.228000
-0.250000 -0.250000 -0.063000 -0.063000
-1.342000 -1.342000 0.639000 0.639000
-0.735000 203.169000 0.665000 -12.205000
0.440000 204.018000 0.289000 -12.592000
0.000000 -0.372000 0.832000 0.419000
0.356000 -0.304000 1.017000 0.612000
0.265000 -0.654000 1.381000 0.925000
0.169000 -0.926000 1.868000 1.416000
0.915000 -1.190000 2.124000 1.966000
0.833000 -1.482000 2.725000 2.681000
0.990000 -1.198000 3.222000 3.607000
0.791000 0.375000 4.048000 5.394000
0.164000 1.854000 5.175000 7.041000
-0.954000 3.928000 6.603000 8.531000
-2.956000 7.204000 8.076000 10.128000
-7.346000 11.378000 9.621000 11.523000
-14.317000 17.015000 11.799000 13.753000
-19.871000 -1.472000 13.794000 14.112000
-8.397000 -14.206000 9.853000 9.488000
15.827000 -2.768000 1.624000 7.120000
23.712000 1.572000 3.516000 9.152000
10.238000 2.773000 7.474000 9.115000
-2.062000 3.099000 6.497000 7.618000
-10.970000 3.240000 2.469000 6.359000
-10.929000 2.420000 0.875000 4.408000
-2.740000 1.849000 3.273000 2.757000
8.447000 1.248000 5.693000 1.719000
9.671000 0.587000 4.465000 0.175000
1.944000 0.234000 0.347000 -0.170000
-5.814000 -0.510000 -3.776000 -0.215000
-7.112000 -0.237000 -3.888000 -0.923000
8.881000 0.560000 3.959000 -1.112000
1.766000 -0.342000 0.120000 -1.164000
1.991000 -0.167000 -0.176000 -1.245000
9.489000 -0.404000 3.405000 -0.783000
-7.235000 -1.346000 -3.533000 -0.637000
0.857000 -0.332000 0.418000 -0.868000
8.473000 -0.431000 4.170000 -0.752000
-12.952000 -1.879000 -0.581000 -0.937000
-14.293000 -1.608000 0.234000 -0.651000
-2.648000 -1.430000 2.566000 -0.454000
-4.230000 -2.901000 3.142000 -0.322000
2.275000 -3.151000 1.636000 -0.193000
18.439000 -3.650000 0.059000 -0.326000
19.984000 -5.983000 0.404000 0.291000
12.219000 -6.192000 2.000000 0.739000
11.324000 -6.883000 3.412000 1.781000
12.237000 -10.546000 2.780000 5.977000
9.599000 -9.177000 2.799000 5.521000
7.141000 -160.152000 3.193000 12.663000
7.003000 16.336000 3.031000 3.798000
6.426000 168.240000 3.325000 -6.439000
5.324000 -26.322000 3.575000 0.436000
3.464000 -27.259000 3.493000 2.628000
1.272000 -12.661000 3.463000 6.757000
0.847000 -11.833000 3.247000 6.184000
47.620000 -76.888000 0.334000 9.638000
48.677000 -69.734000 0.894000 8.586000
1.940000 1.940000 2.961000 2.961000
1.829000 1.829000 1.452000 1.452000
2.456000 2.456000 2.664000 2.664000
0.707000 0.707000 3.429000 3.429000
0.044000 0.044000 3.324000 3.324000
0.257000 0.257000 3.672000 3.672000
-0.025000 -0.025000 3.069000 3.069000
-0.493000 -0.493000 2.727000 2.727000
-0.463000 -0.463000 2.991000 2.991000
-1.880000 -1.880000 3.162000 3.162000
-2.585000 -2.585000 2.815000 2.815000
0.000000 0.000000 0.000000 0.000000
