1.90993 1.90993 342.723 342.723 140.639 140.639 9.89949 9.21954 9.89949 9.21954
1.90993 1.90993 342.723 342.723 140.639 140.639 9.89949 9.21954 9.89949 9.21954
1.9064 1.9064 342.675 342.675 140.509 140.509 9.89949 9.21954 9.89949 9.21954
1.9157 1.9157 342.699 342.699 140.532 140.532 9.89949 9.21954 9.89949 9.21954
1.91108 1.91108 342.651 342.651 140.574 140.574 9.89949 9.21954 9.89949 9.21954
1.9157 1.9157 342.699 342.699 140.532 140.532 9.89949 9.21954 9.89949 9.21954
1.9157 1.9157 342.699 342.699 140.532 140.532 9.89949 9.21954 9.89949 9.21954
1.91108 1.91108 342.651 342.651 140.574 140.574 9.89949 9.21954 9.89949 9.21954
1.91108 1.91108 342.651 342.651 140.574 140.574 9.89949 9.21954 9.89949 9.21954
0.295013 1.9157 287.944 342.699 393.302 140.532 9.84886 9.21954 9.89949 9.21954
1.91108 1.91108 342.651 342.651 140.574 140.574 9.89949 9.21954 9.89949 9.21954
1.9064 1.9064 342.675 342.675 140.509 140.509 9.89949 9.21954 9.89949 9.21954
1.90872 1.90872 342.638 342.638 140.528 140.528 9.89949 9.21954 9.89949 9.21954
1.90427 1.90427 342.59 342.59 140.57 140.57 9.89949 9.21954 9.89949 9.21954
1.90786 1.90786 342.544 342.544 140.601 140.601 9.89949 9.21954 9.89949 9.21954
1.90786 1.90786 342.544 342.544 140.601 140.601 9.89949 9.21954 9.89949 9.21954
1.9247 1.9247 342.583 342.583 140.654 140.654 9.89949 9.21954 9.89949 9.21954
1.90786 1.90786 342.544 342.544 140.601 140.601 9.89949 9.21954 9.89949 9.21954
1.90786 1.90786 342.544 342.544 140.601 140.601 9.89949 9.21954 9.89949 9.21954
1.90786 1.90786 342.544 342.544 140.601 140.601 9.89949 9.21954 9.89949 9.21954
1.90786 1.90786 342.544 342.544 140.601 140.601 9.89949 9.21954 9.89949 9.21954
0.304593 1.90786 289.212 342.544 394.2 140.601 9.84886 9.21954 9.89949 9.21954
1.91771 1.91771 342.663 342.663 140.551 140.551 9.89949 9.21954 9.89949 9.21954
0.274113 1.91108 288.971 342.651 393.672 140.574 9.21954 9.21954 9.89949 9.21954
1.8969 1.8969 342.747 342.747 140.5 140.5 9.89949 9.21954 9.89949 9.21954
1.89531 1.89531 342.774 342.774 140.467 140.467 9.89949 9.21954 9.89949 9.21954
0.245234 1.89688 286.194 342.816 393.112 140.738 8.94427 9.21954 9.89949 9.21954
0.207094 1.08419 281.543 374.317 392.672 356.278 8.94427 9.21954 9.48683 9.05539
1.86282 1.16459 342.847 374.891 140.657 342.302 9.89949 9.21954 9.84886 9.21954
1.85665 1.22229 342.829 375.891 140.63 328.592 9.89949 9.21954 9.84886 9.84886
1.80468 1.36838 233.847 376.913 329.499 314.15 9.43398 8.60233 10 8.94427
1.86147 1.41482 233.175 377.726 315.783 300.056 9.43398 8.60233 10 8.94427
1.62606 1.44557 232.964 377.872 303.099 286.956 9.21954 9.21954 9.21954 9.43398
1.79103 1.41917 232.849 377.842 289.728 274.659 9.43398 8.60233 10 9.43398
1.80971 1.32601 232.867 376.941 277.803 263.729 9.43398 8.60233 9.43398 9.43398
1.85082 0.961476 233.705 376.208 267.953 254.367 9.43398 8.60233 9.21954 9.21954
2.16436 0.652611 234.735 374.596 259.166 246.437 9.48683 8.24621 9.05539 8
-0.64998 0.523245 236.916 373.08 251.411 240.184 8.24621 8.06226 9.21954 8.24621
-0.632441 0.398946 238.917 370.923 245.499 235.116 8.24621 8.06226 9.48683 8.544
-0.535431 0.379606 241.629 367.944 240.78 232.352 8.544 8.24621 9.48683 8.544
-0.564443 0.431751 244.081 365.245 238.409 230.844 8.24621 8.06226 9.21954 8.544
-0.446828 0.399349 247.137 363.078 237.191 231.493 8.544 8.06226 9.48683 8.544
-0.389226 0.36144 248.976 360.723 238.04 233.47 8.94427 8.24621 9.48683 8.24621
-0.300656 0.295653 251.247 359.676 240.462 236.912 9.43398 8.06226 8.94427 8.06226
-0.258809 0.125364 251.335 358.823 243.922 241.243 8.60233 8.06226 8.60233 8.48528
-0.255408 0.175242 250.289 359.424 248.164 246.852 8.60233 8.94427 9.43398 8.06226
-0.0911291 0.0826664 247.079 361.424 253.319 253.096 8.48528 8.48528 8.60233 8.48528
-0.0019379 -0.208187 240.295 365.782 258.982 259.377 9.21954 8.48528 9.21954 8.06226
0.167521 -0.176658 233.16 372.143 265.654 265.053 9.43398 8.48528 8.60233 8.94427
0.278171 -0.078136 224.228 381.474 273.152 270.398 8.94427 8.24621 9.21954 8.48528
0.413985 -0.339022 214.346 390.47 279.599 276.307 9.48683 8.24621 9.43398 8.24621
0.663632 -0.61108 203.034 400.087 283.539 281.929 9.05539 8.24621 8.24621 8.24621
0.704236 -0.782379 193.564 410.558 284.999 282.88 9 9 9 9
0.670635 2.33203 187.918 418.387 286.668 282.285 9 8.24621 9 9
0.548042 -0.702327 184.533 423.137 286.973 282.481 9.21954 9 8.06226 8.24621
0.600292 -0.674134 182.252 425.781 286.302 282.416 9.05539 9 8.06226 9
0.641932 -0.694975 180.067 427.447 284.724 281.514 9.05539 9 8.06226 9
0.581478 -0.681418 178.843 428.251 282.471 280.136 9.05539 8.24621 8.06226 8.24621
0.582496 -0.632598 178.996 428.14 280.863 279.061 9.05539 8.24621 8.24621 8.24621
0.58585 -0.601176 179.771 427.31 279.766 278.592 9.05539 9 8.24621 8.24621
0.462157 -0.6322 180.772 426.317 278.887 278.438 9.48683 8.24621 8.24621 8.24621
0.491435 -0.668427 181.134 426.205 277.977 277.998 9.21954 8.24621 8.06226 8.24621
0.589133 -0.634539 181.756 425.168 277.413 278.429 9.05539 8.24621 8.06226 8.24621
0.585481 -0.624967 182.192 425.239 277.299 278.25 9.05539 9 8.24621 8.24621
0.570545 -0.61135 182.899 424.891 277.182 278.651 9.05539 8.24621 8.24621 8.24621
0.573011 -0.566546 183.566 424.498 277.373 279.015 9.05539 9 8.24621 8.24621
0.548727 -0.62614 183.893 424.278 277.238 279.295 9.21954 9 8.24621 8.24621
0.536211 -0.603853 184.234 424.119 277.375 279.812 9.21954 9 8.24621 8.24621
0.539914 -0.635236 184.719 423.628 277.648 280.177 9.21954 9 8.24621 8.24621
0.55343 -0.633356 185.01 423.524 277.887 280.534 9.21954 9 8.24621 8.24621
0.552206 -0.56821 184.872 423.267 277.93 280.759 9.21954 8.24621 8.544 8.24621
0.511925 -0.54402 185.304 423.047 278.442 280.754 9.21954 8.24621 8.544 8.24621
0.549884 -0.504355 185.321 422.815 278.555 281.584 9.21954 8.24621 8.544 8.24621
0.515653 -0.558444 184.617 421.955 278.49 282.087 9.21954 8.24621 8.24621 8.24621
0.4745 -0.509548 184.528 422.484 278.617 281.925 9.21954 8.24621 8.544 8.24621
0.514635 -0.523657 184.322 422.406 279.191 281.952 9.21954 8.24621 8.544 8.24621
0.509911 -0.520428 184.45 422.322 279.4 282.041 9.21954 8.24621 8.544 8.24621
0.498728 -0.529756 184.415 422.344 279.425 282.183 9.21954 8.24621 8.544 8.24621
0.486699 -0.563108 185.157 421.715 279.579 282.58 9.21954 9 8.544 8.24621
0.62488 -0.578719 186.878 421.916 280.07 282.696 9.05539 9 8.24621 8.24621
0.534735 -0.508776 187.239 421.471 280.37 283.117 9.21954 8.24621 8.544 8.24621
0.587616 -0.490008 187.527 420.37 281.241 284.033 9.05539 8.24621 8.544 8.24621
0.413651 -0.558743 185.08 419.445 281.622 285.914 9.48683 9 8.544 8.24621
0.4266 -0.507155 183.935 417.53 283.058 288.175 9.48683 8.24621 8.544 8.24621
0.298626 -0.417642 184.229 415.068 285.885 291.32 8.94427 8.24621 8.94427 8.24621
0.19857 -0.446093 184.653 411.694 289.005 295.441 8.94427 8.48528 8.94427 9
0.162518 -0.327953 185.525 407.696 293.068 299.696 8.94427 8.48528 9.43398 8.24621
0.0801186 -0.227455 186.459 404.178 298.31 304.424 8.60233 8.48528 8.60233 8.48528
0.0171408 -0.145814 188.526 402.136 303.92 309.889 9.21954 8.48528 9.21954 8.48528
-0.0492515 -0.0461911 190.508 400 310.194 316.026 9.21954 8.48528 9.21954 8.48528
-0.184518 -0.0688659 193.811 397.396 316.727 322.748 8.60233 8.48528 9.21954 8.48528
-0.238674 0.0467005 197.022 393.967 323.529 329.709 8.60233 8.48528 9.21954 8.48528
-0.238191 0.0486667 200.846 390.806 330.189 336.546 8.60233 8.48528 9.21954 8.48528
-0.264709 0.118693 204.707 388.488 337.135 343.859 8.60233 8.24621 9.43398 8.48528
-0.382864 0.175846 208.519 386.108 343.646 351.077 8.94427 8.24621 9.43398 8.48528
-0.352276 0.299404 212.411 384.047 349.642 358.128 8.94427 8.94427 9.84886 8.94427
-0.42267 0.272837 215.718 381.496 355.895 364.637 8.94427 8.94427 8.94427 8.94427
-0.524723 0.348402 218.747 379.556 362.072 370.639 8.544 8.24621 9.84886 8.94427
-0.56958 0.482543 221.479 377.909 367.73 376.543 8.544 9 9.21954 8.06226
-0.493633 0.469231 224.852 376.616 373.53 382.244 8.544 8.06226 9.21954 8.24621
