0.000000 0.000000 0.000000 0.000000
0.000000 -0.262000 0.000000 -0.686000
0.000000 0.142000 0.000000 -2.005000
0.000000 0.181000 0.000000 -3.693000
0.000000 -0.362000 0.000000 -5.737000
0.000000 -1.363000 0.000000 -6.739000
0.000000 -1.509000 0.000000 -8.234000
0.000000 -1.254000 0.000000 -11.849000
0.000000 -2.035000 0.000000 -14.741000
287.524000 32.038000 367.100000 -14.286000
283.116000 36.871000 358.889000 -16.451000
-9.688000 7.142000 -17.096000 -20.088000
-10.769000 6.286000 -18.007000 -19.626000
-10.764000 5.152000 -18.515000 -18.491000
-9.827000 4.860000 -18.594000 -18.239000
-8.960000 5.019000 -18.111000 -17.939000
-8.483000 5.106000 -17.803000 -17.440000
-7.068000 4.272000 -17.147000 -16.553000
-6.194000 2.919000 -16.363000 -15.107000
-5.666000 2.198000 -15.319000 -14.003000
-4.655000 1.445000 -14.204000 -12.495000
-3.744000 0.455000 -12.853000 -11.068000
-2.710000 -0.305000 -10.797000 -9.809000
-1.659000 -0.789000 -9.338000 -7.708000
-0.937000 -1.660000 -7.552000 -6.174000
-0.065000 -2.405000 -5.934000 -4.812000
1.084000 -2.302000 -4.612000 -3.147000
1.706000 -2.343000 -2.963000 -2.034000
2.394000 -2.624000 -1.699000 -1.031000
2.934000 -2.371000 -0.567000 0.063000
2.797000 -2.042000 0.791000 1.122000
2.989000 -2.416000 1.800000 1.767000
3.164000 -2.245000 2.243000 2.068000
2.932000 -1.754000 2.942000 2.319000
2.804000 -1.430000 3.458000 2.916000
3.254000 -1.141000 3.634000 3.143000
3.434000 -1.307000 3.768000 2.860000
2.923000 -1.396000 4.172000 3.277000
3.037000 -0.996000 4.501000 3.800000
3.610000 -0.708000 4.665000 4.262000
3.627000 -0.167000 5.285000 4.659000
3.655000 0.288000 6.103000 5.183000
3.672000 0.477000 7.144000 5.705000
2.699000 1.157000 8.439000 6.765000
1.711000 1.918000 9.594000 8.275000
0.129000 2.458000 10.976000 9.509000
-1.184000 3.072000 12.438000 10.381000
-2.646000 4.540000 13.431000 10.427000
-5.008000 5.993000 14.070000 10.187000
-6.971000 6.912000 13.764000 10.206000
-8.573000 7.972000 13.602000 10.506000
-10.688000 10.157000 14.389000 10.433000
-13.897000 12.104000 14.134000 9.741000
-15.743000 11.654000 12.429000 9.066000
-15.521000 14.109000 10.503000 5.157000
-14.135000 13.435000 7.650000 2.905000
-11.582000 5.842000 4.533000 6.446000
-9.331000 4.144000 1.475000 4.922000
-6.905000 4.713000 -0.480000 0.265000
-5.137000 1.985000 -2.352000 -0.643000
-4.151000 1.015000 -4.089000 -1.364000
-2.508000 0.809000 -3.802000 -2.091000
-1.426000 -0.135000 -3.696000 -1.798000
-1.305000 0.060000 -3.925000 -2.184000
-0.582000 -0.451000 -3.402000 -2.311000
0.077000 -0.809000 -2.531000 -1.916000
-0.006000 -0.084000 -2.660000 -2.140000
0.214000 -0.974000 -2.340000 -1.972000
0.783000 -1.510000 -1.931000 -1.564000
1.254000 -1.098000 -1.822000 -1.269000
0.717000 -0.960000 -1.467000 -1.064000
0.954000 -0.660000 -0.661000 -1.224000
1.549000 -1.390000 0.117000 -1.023000
1.275000 -2.129000 0.261000 -0.433000
1.178000 -1.440000 0.423000 -0.423000
1.241000 -1.206000 0.238000 -0.263000
1.103000 -1.073000 0.467000 -0.107000
0.926000 -1.372000 0.890000 0.213000
1.438000 -1.398000 1.495000 0.455000
1.364000 -1.613000 1.187000 0.722000
0.761000 -1.840000 0.577000 0.875000
1.799000 -1.892000 0.904000 0.943000
2.720000 -3.093000 1.353000 1.394000
2.667000 -2.933000 1.393000 1.600000
3.485000 -4.118000 1.254000 2.007000
5.316000 -5.299000 1.868000 2.453000
6.547000 -6.067000 2.461000 3.534000
7.446000 -8.162000 2.997000 4.534000
8.357000 -8.369000 3.904000 4.789000
9.618000 -8.462000 4.576000 4.916000
11.254000 -8.322000 5.518000 5.815000
12.044000 -8.868000 6.356000 7.321000
12.422000 -10.464000 6.439000 8.517000
12.668000 -11.025000 6.778000 9.070000
12.629000 -10.985000 6.791000 8.284000
11.642000 -10.172000 6.850000 7.171000
10.829000 -9.056000 6.610000 6.624000
-268.782000 -36.283000 -371.991000 7.531000
-274.202000 -31.050000 -375.006000 7.335000
0.000000 0.000000 0.000000 0.000000
